d_electrode[mm], C0[F]
0.001,-2.36350E-012
0.002,-2.19000E-012
0.003,-2.08850E-012
0.004,-2.01650E-012
0.005,-1.96070E-012
0.006,-1.91510E-012
0.007,-1.87660E-012
0.008,-1.84320E-012
0.009,-1.81370E-012
0.01,-1.78740E-012
0.011,-1.76350E-012
0.012,-1.74180E-012
0.013,-1.72180E-012
0.014,-1.70330E-012
0.015,-1.68600E-012
0.016,-1.66990E-012
0.017,-1.65480E-012
0.018,-1.64050E-012
0.019,-1.62700E-012
0.02,-1.61420E-012
0.021,-1.60200E-012
0.022,-1.59040E-012
0.023,-1.57930E-012
0.024,-1.56870E-012
0.025,-1.55850E-012
0.026,-1.54870E-012
0.027,-1.53930E-012
0.028,-1.53020E-012
0.029,-1.52140E-012
0.03,-1.51300E-012
0.031,-1.50480E-012
0.032,-1.49690E-012
0.033,-1.48920E-012
0.034,-1.48180E-012
0.035,-1.47450E-012
0.036,-1.46750E-012
0.037,-1.46070E-012
0.038,-1.45410E-012
0.039,-1.44760E-012
0.04,-1.44120E-012
0.041,-1.43510E-012
0.042,-1.42910E-012
0.043,-1.42320E-012
0.044,-1.41750E-012
0.045,-1.41190E-012
0.046,-1.40650E-012
0.047,-1.40110E-012
0.048,-1.39580E-012
0.049,-1.39070E-012
0.05,-1.38570E-012
0.051,-1.38080E-012
0.052,-1.37590E-012
0.053,-1.37120E-012
0.054,-1.36650E-012
0.055,-1.36200E-012
0.056,-1.35750E-012
0.057,-1.35310E-012
0.058,-1.34880E-012
0.059,-1.34450E-012
0.06,-1.34030E-012
0.061,-1.33620E-012
0.062,-1.33210E-012
0.063,-1.32820E-012
0.064,-1.32430E-012
0.065,-1.32040E-012
0.066,-1.31660E-012
0.067,-1.31290E-012
0.068,-1.30920E-012
0.069,-1.30560E-012
0.07,-1.30200E-012
0.071,-1.29850E-012
0.072,-1.29500E-012
0.073,-1.29150E-012
0.074,-1.28820E-012
0.075,-1.28480E-012
0.076,-1.28150E-012
0.077,-1.27830E-012
0.078,-1.27510E-012
0.079,-1.27190E-012
0.08,-1.26880E-012
0.081,-1.26570E-012
0.082,-1.26270E-012
0.083,-1.25970E-012
0.084,-1.25670E-012
0.085,-1.25380E-012
0.086,-1.25090E-012
0.087,-1.24800E-012
0.088,-1.24520E-012
0.089,-1.24230E-012
0.09,-1.23960E-012
0.091,-1.23680E-012
0.092,-1.23410E-012
0.093,-1.23140E-012
0.094,-1.22880E-012
0.095,-1.22620E-012
0.096,-1.22360E-012
0.097,-1.22100E-012
0.098,-1.21840E-012
0.099,-1.21590E-012
0.1,-1.21340E-012
0.101,-1.21100E-012
0.102,-1.20850E-012
0.103,-1.20610E-012
0.104,-1.20370E-012
0.105,-1.20130E-012
0.106,-1.19900E-012
0.107,-1.19670E-012
0.108,-1.19440E-012
0.109,-1.19210E-012
0.11,-1.18980E-012
0.111,-1.18760E-012
0.112,-1.18540E-012
0.113,-1.18320E-012
0.114,-1.18100E-012
0.115,-1.17880E-012
0.116,-1.17670E-012
0.117,-1.17460E-012
0.118,-1.17250E-012
0.119,-1.17040E-012
0.12,-1.16830E-012
0.121,-1.16620E-012
0.122,-1.16420E-012
0.123,-1.16210E-012
0.124,-1.16020E-012
0.125,-1.15820E-012
0.126,-1.15620E-012
0.127,-1.15420E-012
0.128,-1.15230E-012
0.129,-1.15040E-012
0.13,-1.14850E-012
0.131,-1.14660E-012
0.132,-1.14470E-012
0.133,-1.14280E-012
0.134,-1.14100E-012
0.135,-1.13910E-012
0.136,-1.13730E-012
0.137,-1.13550E-012
0.138,-1.13370E-012
0.139,-1.13190E-012
0.14,-1.13020E-012
0.141,-1.12840E-012
0.142,-1.12670E-012
0.143,-1.12490E-012
0.144,-1.12320E-012
0.145,-1.12150E-012
0.146,-1.11980E-012
0.147,-1.11810E-012
0.148,-1.11640E-012
0.149,-1.11470E-012
0.15,-1.11310E-012
0.151,-1.11150E-012
0.152,-1.10980E-012
0.153,-1.10820E-012
0.154,-1.10660E-012
0.155,-1.10500E-012
0.156,-1.10340E-012
0.157,-1.10180E-012
0.158,-1.10030E-012
0.159,-1.09870E-012
0.16,-1.09710E-012
0.161,-1.09560E-012
0.162,-1.09410E-012
0.163,-1.09260E-012
0.164,-1.09110E-012
0.165,-1.08960E-012
0.166,-1.08810E-012
0.167,-1.08660E-012
0.168,-1.08510E-012
0.169,-1.08370E-012
0.17,-1.08220E-012
0.171,-1.08070E-012
0.172,-1.07930E-012
0.173,-1.07790E-012
0.174,-1.07640E-012
0.175,-1.07510E-012
0.176,-1.07370E-012
0.177,-1.07230E-012
0.178,-1.07090E-012
0.179,-1.06950E-012
0.18,-1.06810E-012
0.181,-1.06680E-012
0.182,-1.06540E-012
0.183,-1.06400E-012
0.184,-1.06270E-012
0.185,-1.06140E-012
0.186,-1.06010E-012
0.187,-1.05870E-012
0.188,-1.05740E-012
0.189,-1.05610E-012
0.19,-1.05480E-012
0.191,-1.05350E-012
0.192,-1.05220E-012
0.193,-1.05090E-012
0.194,-1.04970E-012
0.195,-1.04840E-012
0.196,-1.04710E-012
0.197,-1.04590E-012
0.198,-1.04460E-012
0.199,-1.04340E-012
0.2,-1.04220E-012
0.201,-1.04090E-012
0.202,-1.03970E-012
0.203,-1.03850E-012
0.204,-1.03730E-012
0.205,-1.03610E-012
0.206,-1.03490E-012
0.207,-1.03370E-012
0.208,-1.03250E-012
0.209,-1.03130E-012
0.21,-1.03020E-012
0.211,-1.02900E-012
0.212,-1.02780E-012
0.213,-1.02660E-012
0.214,-1.02550E-012
0.215,-1.02430E-012
0.216,-1.02320E-012
0.217,-1.02210E-012
0.218,-1.02100E-012
0.219,-1.01980E-012
0.22,-1.01870E-012
0.221,-1.01760E-012
0.222,-1.01650E-012
0.223,-1.01540E-012
0.224,-1.01430E-012
0.225,-1.01320E-012
0.226,-1.01210E-012
0.227,-1.01100E-012
0.228,-1.00990E-012
0.229,-1.00890E-012
0.23,-1.00780E-012
0.231,-1.00680E-012
0.232,-1.00570E-012
0.233,-1.00470E-012
0.234,-1.00350E-012
0.235,-1.00250E-012
0.236,-1.00150E-012
0.237,-1.00040E-012
0.238,-9.99380E-013
0.239,-9.98360E-013
0.24,-9.97330E-013
0.241,-9.96310E-013
0.242,-9.95290E-013
0.243,-9.94280E-013
0.244,-9.93270E-013
0.245,-9.92260E-013
0.246,-9.91260E-013
0.247,-9.90290E-013
0.248,-9.89300E-013
0.249,-9.88310E-013
0.25,-9.87320E-013
0.251,-9.86340E-013
0.252,-9.85370E-013
0.253,-9.84400E-013
0.254,-9.83420E-013
0.255,-9.82450E-013
0.256,-9.81490E-013
0.257,-9.80540E-013
0.258,-9.79590E-013
0.259,-9.78650E-013
0.26,-9.77700E-013
0.261,-9.76750E-013
0.262,-9.75820E-013
0.263,-9.74880E-013
0.264,-9.73950E-013
0.265,-9.73020E-013
0.266,-9.72100E-013
0.267,-9.71180E-013
0.268,-9.70270E-013
0.269,-9.69360E-013
0.27,-9.68480E-013
0.271,-9.67580E-013
0.272,-9.66680E-013
0.273,-9.65780E-013
0.274,-9.64910E-013
0.275,-9.63990E-013
0.276,-9.63040E-013
0.277,-9.62150E-013
0.278,-9.61280E-013
0.279,-9.60400E-013
0.28,-9.59540E-013
0.281,-9.58670E-013
0.282,-9.57800E-013
0.283,-9.56940E-013
0.284,-9.56070E-013
0.285,-9.55210E-013
0.286,-9.54360E-013
0.287,-9.53490E-013
0.288,-9.52640E-013
0.289,-9.51800E-013
0.29,-9.50950E-013
0.291,-9.50100E-013
0.292,-9.49260E-013
0.293,-9.48430E-013
0.294,-9.47590E-013
0.295,-9.46760E-013
0.296,-9.45930E-013
0.297,-9.45100E-013
0.298,-9.44280E-013
0.299,-9.43460E-013
0.3,-9.42650E-013
0.301,-9.41830E-013
0.302,-9.41020E-013
0.303,-9.40210E-013
0.304,-9.39410E-013
0.305,-9.38600E-013
0.306,-9.37810E-013
0.307,-9.37010E-013
0.308,-9.36210E-013
0.309,-9.35420E-013
0.31,-9.34630E-013
0.311,-9.33860E-013
0.312,-9.33070E-013
0.313,-9.32280E-013
0.314,-9.31500E-013
0.315,-9.30710E-013
0.316,-9.29940E-013
0.317,-9.29160E-013
0.318,-9.28420E-013
0.319,-9.27650E-013
0.32,-9.26890E-013
0.321,-9.26120E-013
0.322,-9.25370E-013
0.323,-9.24610E-013
0.324,-9.23860E-013
0.325,-9.23120E-013
0.326,-9.22370E-013
0.327,-9.21620E-013
0.328,-9.20880E-013
0.329,-9.20130E-013
0.33,-9.19340E-013
0.331,-9.18610E-013
0.332,-9.17870E-013
0.333,-9.17130E-013
0.334,-9.16410E-013
0.335,-9.15680E-013
0.336,-9.14950E-013
0.337,-9.14220E-013
0.338,-9.13500E-013
0.339,-9.12780E-013
0.34,-9.12060E-013
0.341,-9.11340E-013
0.342,-9.10620E-013
0.343,-9.09910E-013
0.344,-9.09200E-013
0.345,-9.08500E-013
0.346,-9.07800E-013
0.347,-9.07090E-013
0.348,-9.06390E-013
0.349,-9.05690E-013
0.35,-9.04990E-013
0.351,-9.04300E-013
0.352,-9.03600E-013
0.353,-9.02910E-013
0.354,-9.02220E-013
0.355,-9.01540E-013
0.356,-9.00860E-013
0.357,-9.00170E-013
0.358,-8.99490E-013
0.359,-8.98810E-013
0.36,-8.98130E-013
0.361,-8.97450E-013
0.362,-8.96770E-013
0.363,-8.96100E-013
0.364,-8.95430E-013
0.365,-8.94760E-013
0.366,-8.94100E-013
0.367,-8.93430E-013
0.368,-8.92770E-013
0.369,-8.92090E-013
0.37,-8.91430E-013
0.371,-8.90770E-013
0.372,-8.90120E-013
0.373,-8.89460E-013
0.374,-8.88810E-013
0.375,-8.88180E-013
0.376,-8.87530E-013
0.377,-8.86890E-013
0.378,-8.86250E-013
0.379,-8.85600E-013
0.38,-8.84970E-013
0.381,-8.84330E-013
0.382,-8.83690E-013
0.383,-8.83040E-013
0.384,-8.82440E-013
0.385,-8.81810E-013
0.386,-8.81180E-013
0.387,-8.80550E-013
0.388,-8.79920E-013
0.389,-8.79290E-013
0.39,-8.78660E-013
0.391,-8.78040E-013
0.392,-8.77420E-013
0.393,-8.76800E-013
0.394,-8.76180E-013
0.395,-8.75530E-013
0.396,-8.74920E-013
0.397,-8.74300E-013
0.398,-8.73690E-013
0.399,-8.73080E-013
0.4,-8.72470E-013
0.401,-8.71860E-013
0.402,-8.71260E-013
0.403,-8.70650E-013
0.404,-8.70050E-013
0.405,-8.69470E-013
0.406,-8.68850E-013
0.407,-8.68270E-013
0.408,-8.67660E-013
0.409,-8.67060E-013
0.41,-8.66450E-013
0.411,-8.65870E-013
0.412,-8.65280E-013
0.413,-8.64690E-013
0.414,-8.64100E-013
0.415,-8.63510E-013
0.416,-8.62930E-013
0.417,-8.62350E-013
0.418,-8.61770E-013
0.419,-8.61190E-013
0.42,-8.60590E-013
0.421,-8.60030E-013
0.422,-8.59450E-013
0.423,-8.58880E-013
0.424,-8.58300E-013
0.425,-8.57740E-013
0.426,-8.57180E-013
0.427,-8.56610E-013
0.428,-8.56040E-013
0.429,-8.55480E-013
0.43,-8.54910E-013
0.431,-8.54350E-013
0.432,-8.53790E-013
0.433,-8.53230E-013
0.434,-8.52670E-013
0.435,-8.52110E-013
0.436,-8.51550E-013
0.437,-8.51000E-013
0.438,-8.50420E-013
0.439,-8.49870E-013
0.44,-8.49320E-013
0.441,-8.48790E-013
0.442,-8.48240E-013
0.443,-8.47690E-013
0.444,-8.47120E-013
0.445,-8.46580E-013
0.446,-8.46030E-013
0.447,-8.45490E-013
0.448,-8.44950E-013
0.449,-8.44410E-013
0.45,-8.43870E-013
0.451,-8.43340E-013
0.452,-8.42800E-013
0.453,-8.42260E-013
0.454,-8.41730E-013
0.455,-8.41200E-013
0.456,-8.40670E-013
0.457,-8.40130E-013
0.458,-8.39600E-013
0.459,-8.39070E-013
0.46,-8.38540E-013
0.461,-8.38020E-013
0.462,-8.37490E-013
0.463,-8.36980E-013
0.464,-8.36450E-013
0.465,-8.35930E-013
0.466,-8.35410E-013
0.467,-8.34890E-013
0.468,-8.34370E-013
0.469,-8.33860E-013
0.47,-8.33340E-013
0.471,-8.32820E-013
0.472,-8.32310E-013
0.473,-8.31800E-013
0.474,-8.31290E-013
0.475,-8.30780E-013
0.476,-8.30270E-013
0.477,-8.29760E-013
0.478,-8.29250E-013
0.479,-8.28740E-013
0.48,-8.28240E-013
0.481,-8.27730E-013
0.482,-8.27230E-013
0.483,-8.26720E-013
0.484,-8.26220E-013
0.485,-8.25740E-013
0.486,-8.25240E-013
0.487,-8.24740E-013
0.488,-8.24240E-013
0.489,-8.23750E-013
0.49,-8.23250E-013
0.491,-8.22760E-013
0.492,-8.22270E-013
0.493,-8.21770E-013
0.494,-8.21280E-013
0.495,-8.20790E-013
0.496,-8.20300E-013
0.497,-8.19820E-013
0.498,-8.19330E-013
0.499,-8.18850E-013
0.5,-8.18360E-013
0.501,-8.17850E-013
0.502,-8.17370E-013
0.503,-8.16900E-013
0.504,-8.16420E-013
0.505,-8.15940E-013
0.506,-8.15460E-013
0.507,-8.14990E-013
0.508,-8.14510E-013
0.509,-8.14030E-013
0.51,-8.13560E-013
0.511,-8.13090E-013
0.512,-8.12610E-013
0.513,-8.12140E-013
0.514,-8.11650E-013
0.515,-8.11170E-013
0.516,-8.10710E-013
0.517,-8.10280E-013
0.518,-8.09810E-013
0.519,-8.09340E-013
0.52,-8.08880E-013
0.521,-8.08410E-013
0.522,-8.07950E-013
0.523,-8.07480E-013
0.524,-8.07030E-013
0.525,-8.06570E-013
0.526,-8.06110E-013
0.527,-8.05630E-013
0.528,-8.05180E-013
0.529,-8.04730E-013
0.53,-8.04270E-013
0.531,-8.03820E-013
0.532,-8.03360E-013
0.533,-8.02910E-013
0.534,-8.02460E-013
0.535,-8.02000E-013
0.536,-8.01550E-013
0.537,-8.01100E-013
0.538,-8.00660E-013
0.539,-8.00210E-013
0.54,-7.99760E-013
0.541,-7.99320E-013
0.542,-7.98870E-013
0.543,-7.98430E-013
0.544,-7.97980E-013
0.545,-7.97530E-013
0.546,-7.97090E-013
0.547,-7.96660E-013
0.548,-7.96220E-013
0.549,-7.95780E-013
0.55,-7.95340E-013
0.551,-7.94900E-013
0.552,-7.94460E-013
0.553,-7.94020E-013
0.554,-7.93580E-013
0.555,-7.93150E-013
0.556,-7.92710E-013
0.557,-7.92280E-013
0.558,-7.91850E-013
0.559,-7.91410E-013
0.56,-7.90980E-013
0.561,-7.90550E-013
0.562,-7.90120E-013
0.563,-7.89690E-013
0.564,-7.89260E-013
0.565,-7.88840E-013
0.566,-7.88410E-013
0.567,-7.87990E-013
0.568,-7.87560E-013
0.569,-7.87140E-013
0.57,-7.86720E-013
0.571,-7.86290E-013
0.572,-7.85870E-013
0.573,-7.85450E-013
0.574,-7.85030E-013
0.575,-7.84610E-013
0.576,-7.84190E-013
0.577,-7.83770E-013
0.578,-7.83360E-013
0.579,-7.82960E-013
0.58,-7.82550E-013
0.581,-7.82130E-013
0.582,-7.81720E-013
0.583,-7.81300E-013
0.584,-7.80890E-013
0.585,-7.80480E-013
0.586,-7.80030E-013
0.587,-7.79610E-013
0.588,-7.79190E-013
0.589,-7.78780E-013
0.59,-7.78370E-013
0.591,-7.77970E-013
0.592,-7.77560E-013
0.593,-7.77160E-013
0.594,-7.76750E-013
0.595,-7.76360E-013
0.596,-7.75950E-013
0.597,-7.75550E-013
0.598,-7.75140E-013
0.599,-7.74740E-013
0.6,-7.74340E-013
0.601,-7.73940E-013
0.602,-7.73540E-013
0.603,-7.73140E-013
0.604,-7.72740E-013
0.605,-7.72340E-013
0.606,-7.71940E-013
0.607,-7.71550E-013
0.608,-7.71150E-013
0.609,-7.70750E-013
0.61,-7.70360E-013
0.611,-7.69970E-013
0.612,-7.69580E-013
0.613,-7.69180E-013
0.614,-7.68790E-013
0.615,-7.68400E-013
0.616,-7.68010E-013
0.617,-7.67620E-013
0.618,-7.67230E-013
0.619,-7.66840E-013
0.62,-7.66460E-013
0.621,-7.66070E-013
0.622,-7.65680E-013
0.623,-7.65290E-013
0.624,-7.64910E-013
0.625,-7.64520E-013
0.626,-7.64140E-013
0.627,-7.63750E-013
0.628,-7.63370E-013
0.629,-7.62990E-013
0.63,-7.62610E-013
0.631,-7.62230E-013
0.632,-7.61850E-013
0.633,-7.61470E-013
0.634,-7.61090E-013
0.635,-7.60710E-013
0.636,-7.60330E-013
0.637,-7.59950E-013
0.638,-7.59580E-013
0.639,-7.59200E-013
0.64,-7.58820E-013
0.641,-7.58450E-013
0.642,-7.58070E-013
0.643,-7.57700E-013
0.644,-7.57330E-013
0.645,-7.56950E-013
0.646,-7.56580E-013
0.647,-7.56210E-013
0.648,-7.55840E-013
0.649,-7.55460E-013
0.65,-7.55100E-013
0.651,-7.54730E-013
0.652,-7.54370E-013
0.653,-7.54000E-013
0.654,-7.53630E-013
0.655,-7.53260E-013
0.656,-7.52890E-013
0.657,-7.52530E-013
0.658,-7.52160E-013
0.659,-7.51800E-013
0.66,-7.51430E-013
0.661,-7.51080E-013
0.662,-7.50710E-013
0.663,-7.50350E-013
0.664,-7.49990E-013
0.665,-7.49630E-013
0.666,-7.49260E-013
0.667,-7.48900E-013
0.668,-7.48540E-013
0.669,-7.48180E-013
0.67,-7.47830E-013
0.671,-7.47470E-013
0.672,-7.47110E-013
0.673,-7.46750E-013
0.674,-7.46400E-013
0.675,-7.46040E-013
0.676,-7.45690E-013
0.677,-7.45330E-013
0.678,-7.44980E-013
0.679,-7.44620E-013
0.68,-7.44270E-013
0.681,-7.43920E-013
0.682,-7.43560E-013
0.683,-7.43210E-013
0.684,-7.42860E-013
0.685,-7.42510E-013
0.686,-7.42160E-013
0.687,-7.41810E-013
0.688,-7.41460E-013
0.689,-7.41110E-013
0.69,-7.40770E-013
0.691,-7.40420E-013
0.692,-7.40070E-013
0.693,-7.39730E-013
0.694,-7.39380E-013
0.695,-7.39040E-013
0.696,-7.38690E-013
0.697,-7.38350E-013
0.698,-7.38000E-013
0.699,-7.37660E-013
0.7,-7.37320E-013
0.701,-7.36990E-013
0.702,-7.36660E-013
0.703,-7.36320E-013
0.704,-7.35980E-013
0.705,-7.35640E-013
0.706,-7.35290E-013
0.707,-7.34960E-013
0.708,-7.34620E-013
0.709,-7.34280E-013
0.71,-7.33900E-013
0.711,-7.33560E-013
0.712,-7.33230E-013
0.713,-7.32890E-013
0.714,-7.32560E-013
0.715,-7.32220E-013
0.716,-7.31890E-013
0.717,-7.31550E-013
0.718,-7.31230E-013
0.719,-7.30890E-013
0.72,-7.30560E-013
0.721,-7.30230E-013
0.722,-7.29900E-013
0.723,-7.29570E-013
0.724,-7.29240E-013
0.725,-7.28910E-013
0.726,-7.28580E-013
0.727,-7.28250E-013
0.728,-7.27930E-013
0.729,-7.27610E-013
0.73,-7.27270E-013
0.731,-7.26950E-013
0.732,-7.26620E-013
0.733,-7.26300E-013
0.734,-7.26000E-013
0.735,-7.25670E-013
0.736,-7.25350E-013
0.737,-7.25020E-013
0.738,-7.24700E-013
0.739,-7.24370E-013
0.74,-7.24050E-013
0.741,-7.23730E-013
0.742,-7.23410E-013
0.743,-7.23090E-013
0.744,-7.22760E-013
0.745,-7.22440E-013
0.746,-7.22120E-013
0.747,-7.21800E-013
0.748,-7.21480E-013
0.749,-7.21160E-013
0.75,-7.20850E-013
0.751,-7.20520E-013
0.752,-7.20200E-013
0.753,-7.19850E-013
0.754,-7.19530E-013
0.755,-7.19220E-013
0.756,-7.18900E-013
0.757,-7.18590E-013
0.758,-7.18270E-013
0.759,-7.17960E-013
0.76,-7.17650E-013
0.761,-7.17340E-013
0.762,-7.17020E-013
0.763,-7.16710E-013
0.764,-7.16390E-013
0.765,-7.16080E-013
0.766,-7.15760E-013
0.767,-7.15450E-013
0.768,-7.15140E-013
0.769,-7.14830E-013
0.77,-7.14520E-013
0.771,-7.14210E-013
0.772,-7.13890E-013
0.773,-7.13590E-013
0.774,-7.13280E-013
0.775,-7.12970E-013
0.776,-7.12670E-013
0.777,-7.12370E-013
0.778,-7.12060E-013
0.779,-7.11730E-013
0.78,-7.11420E-013
0.781,-7.11120E-013
0.782,-7.10810E-013
0.783,-7.10510E-013
0.784,-7.10200E-013
0.785,-7.09900E-013
0.786,-7.09590E-013
0.787,-7.09290E-013
0.788,-7.08990E-013
0.789,-7.08680E-013
0.79,-7.08380E-013
0.791,-7.08080E-013
0.792,-7.07780E-013
0.793,-7.07480E-013
0.794,-7.07180E-013
0.795,-7.06900E-013
0.796,-7.06600E-013
0.797,-7.06300E-013
0.798,-7.06000E-013
0.799,-7.05700E-013
0.8,-7.05400E-013
0.801,-7.05100E-013
0.802,-7.04800E-013
0.803,-7.04500E-013
0.804,-7.04210E-013
0.805,-7.03900E-013
0.806,-7.03610E-013
0.807,-7.03310E-013
0.808,-7.03020E-013
0.809,-7.02720E-013
0.81,-7.02440E-013
0.811,-7.02150E-013
0.812,-7.01860E-013
0.813,-7.01560E-013
0.814,-7.01270E-013
0.815,-7.00960E-013
0.816,-7.00660E-013
0.817,-7.00370E-013
0.818,-7.00080E-013
0.819,-6.99790E-013
0.82,-6.99490E-013
0.821,-6.99200E-013
0.822,-6.98910E-013
0.823,-6.98620E-013
0.824,-6.98330E-013
0.825,-6.98050E-013
0.826,-6.97760E-013
0.827,-6.97470E-013
0.828,-6.97170E-013
0.829,-6.96880E-013
0.83,-6.96590E-013
0.831,-6.96310E-013
0.832,-6.96020E-013
0.833,-6.95730E-013
0.834,-6.95450E-013
0.835,-6.95160E-013
0.836,-6.94880E-013
0.837,-6.94590E-013
0.838,-6.94310E-013
0.839,-6.94030E-013
0.84,-6.93740E-013
0.841,-6.93460E-013
0.842,-6.93190E-013
0.843,-6.92910E-013
0.844,-6.92630E-013
0.845,-6.92340E-013
0.846,-6.92060E-013
0.847,-6.91780E-013
0.848,-6.91500E-013
0.849,-6.91220E-013
0.85,-6.90940E-013
0.851,-6.90660E-013
0.852,-6.90380E-013
0.853,-6.90100E-013
0.854,-6.89820E-013
0.855,-6.89540E-013
0.856,-6.89270E-013
0.857,-6.88990E-013
0.858,-6.88710E-013
0.859,-6.88430E-013
0.86,-6.88160E-013
0.861,-6.87880E-013
0.862,-6.87610E-013
0.863,-6.87330E-013
0.864,-6.87050E-013
0.865,-6.86780E-013
0.866,-6.86500E-013
0.867,-6.86230E-013
0.868,-6.85960E-013
0.869,-6.85680E-013
0.87,-6.85410E-013
0.871,-6.85130E-013
0.872,-6.84860E-013
0.873,-6.84590E-013
0.874,-6.84320E-013
0.875,-6.84040E-013
0.876,-6.83760E-013
0.877,-6.83490E-013
0.878,-6.83210E-013
0.879,-6.82940E-013
0.88,-6.82670E-013
0.881,-6.82400E-013
0.882,-6.82130E-013
0.883,-6.81870E-013
0.884,-6.81600E-013
0.885,-6.81330E-013
0.886,-6.81060E-013
0.887,-6.80790E-013
0.888,-6.80520E-013
0.889,-6.80260E-013
0.89,-6.79990E-013
0.891,-6.79720E-013
0.892,-6.79450E-013
0.893,-6.79190E-013
0.894,-6.78920E-013
0.895,-6.78660E-013
0.896,-6.78390E-013
0.897,-6.78130E-013
0.898,-6.77860E-013
0.899,-6.77600E-013
0.9,-6.77330E-013
0.901,-6.77070E-013
0.902,-6.76810E-013
0.903,-6.76540E-013
0.904,-6.76280E-013
0.905,-6.76020E-013
0.906,-6.75760E-013
0.907,-6.75490E-013
0.908,-6.75230E-013
0.909,-6.74970E-013
0.91,-6.74710E-013
0.911,-6.74450E-013
0.912,-6.74190E-013
0.913,-6.73930E-013
0.914,-6.73670E-013
0.915,-6.73420E-013
0.916,-6.73160E-013
0.917,-6.72900E-013
0.918,-6.72640E-013
0.919,-6.72380E-013
0.92,-6.72120E-013
0.921,-6.71860E-013
0.922,-6.71600E-013
0.923,-6.71350E-013
0.924,-6.71090E-013
0.925,-6.70830E-013
0.926,-6.70570E-013
0.927,-6.70320E-013
0.928,-6.70060E-013
0.929,-6.69810E-013
0.93,-6.69550E-013
0.931,-6.69300E-013
0.932,-6.69040E-013
0.933,-6.68790E-013
0.934,-6.68530E-013
0.935,-6.68280E-013
0.936,-6.68030E-013
0.937,-6.67770E-013
0.938,-6.67520E-013
0.939,-6.67270E-013
0.94,-6.67020E-013
0.941,-6.66760E-013
0.942,-6.66510E-013
0.943,-6.66260E-013
0.944,-6.66010E-013
0.945,-6.65760E-013
0.946,-6.65510E-013
0.947,-6.65260E-013
0.948,-6.65010E-013
0.949,-6.64760E-013
0.95,-6.64510E-013
0.951,-6.64260E-013
0.952,-6.64010E-013
0.953,-6.63760E-013
0.954,-6.63510E-013
0.955,-6.63260E-013
0.956,-6.63010E-013
0.957,-6.62770E-013
0.958,-6.62520E-013
0.959,-6.62270E-013
0.96,-6.62020E-013
0.961,-6.61780E-013
0.962,-6.61530E-013
0.963,-6.61280E-013
0.964,-6.61040E-013
0.965,-6.60790E-013
0.966,-6.60550E-013
0.967,-6.60300E-013
0.968,-6.60060E-013
0.969,-6.59810E-013
0.97,-6.59570E-013
0.971,-6.59320E-013
0.972,-6.59080E-013
0.973,-6.58840E-013
0.974,-6.58590E-013
0.975,-6.58350E-013
0.976,-6.58110E-013
0.977,-6.57860E-013
0.978,-6.57620E-013
0.979,-6.57380E-013
0.98,-6.57140E-013
0.981,-6.56900E-013
0.982,-6.56650E-013
0.983,-6.56410E-013
0.984,-6.56170E-013
0.985,-6.55930E-013
0.986,-6.55690E-013
0.987,-6.55450E-013
0.988,-6.55220E-013
0.989,-6.54980E-013
0.99,-6.54740E-013
0.991,-6.54500E-013
0.992,-6.54260E-013
0.993,-6.54020E-013
0.994,-6.53780E-013
0.995,-6.53550E-013
0.996,-6.53310E-013
0.997,-6.53070E-013
0.998,-6.52830E-013
0.999,-6.52600E-013
1,-6.52360E-013
1.001,-6.52130E-013
1.002,-6.51890E-013
1.003,-6.51650E-013
1.004,-6.51420E-013
1.005,-6.51180E-013
1.006,-6.50950E-013
1.007,-6.50710E-013
1.008,-6.50480E-013
1.009,-6.50240E-013
1.01,-6.50010E-013
1.011,-6.49770E-013
1.012,-6.49540E-013
1.013,-6.49310E-013
1.014,-6.49070E-013
1.015,-6.48840E-013
1.016,-6.48610E-013
1.017,-6.48370E-013
1.018,-6.48140E-013
1.019,-6.47910E-013
1.02,-6.47680E-013
1.021,-6.47450E-013
1.022,-6.47210E-013
1.023,-6.46980E-013
1.024,-6.46750E-013
1.025,-6.46520E-013
1.026,-6.46290E-013
1.027,-6.46060E-013
1.028,-6.45830E-013
1.029,-6.45600E-013
1.03,-6.45370E-013
1.031,-6.45140E-013
1.032,-6.44910E-013
1.033,-6.44680E-013
1.034,-6.44450E-013
1.035,-6.44230E-013
1.036,-6.44000E-013
1.037,-6.43770E-013
1.038,-6.43540E-013
1.039,-6.43310E-013
1.04,-6.43090E-013
1.041,-6.42860E-013
1.042,-6.42630E-013
1.043,-6.42410E-013
1.044,-6.42180E-013
1.045,-6.41950E-013
1.046,-6.41730E-013
1.047,-6.41500E-013
1.048,-6.41280E-013
1.049,-6.41050E-013
1.05,-6.40830E-013
1.051,-6.40590E-013
1.052,-6.40370E-013
1.053,-6.40150E-013
1.054,-6.39930E-013
1.055,-6.39720E-013
1.056,-6.39490E-013
1.057,-6.39270E-013
1.058,-6.39050E-013
1.059,-6.38820E-013
1.06,-6.38600E-013
1.061,-6.38380E-013
1.062,-6.38160E-013
1.063,-6.37940E-013
1.064,-6.37710E-013
1.065,-6.37490E-013
1.066,-6.37270E-013
1.067,-6.37070E-013
1.068,-6.36850E-013
1.069,-6.36630E-013
1.07,-6.36410E-013
1.071,-6.36190E-013
1.072,-6.35970E-013
1.073,-6.35750E-013
1.074,-6.35530E-013
1.075,-6.35310E-013
1.076,-6.35090E-013
1.077,-6.34870E-013
1.078,-6.34650E-013
1.079,-6.34430E-013
1.08,-6.34220E-013
1.081,-6.34000E-013
1.082,-6.33780E-013
1.083,-6.33560E-013
1.084,-6.33340E-013
1.085,-6.33130E-013
1.086,-6.32910E-013
1.087,-6.32690E-013
1.088,-6.32480E-013
1.089,-6.32260E-013
1.09,-6.32060E-013
1.091,-6.31840E-013
1.092,-6.31630E-013
1.093,-6.31410E-013
1.094,-6.31200E-013
1.095,-6.30970E-013
1.096,-6.30760E-013
1.097,-6.30540E-013
1.098,-6.30330E-013
1.099,-6.30120E-013
1.1,-6.29900E-013
1.101,-6.29680E-013
1.102,-6.29470E-013
1.103,-6.29260E-013
1.104,-6.29040E-013
1.105,-6.28830E-013
1.106,-6.28620E-013
1.107,-6.28400E-013
1.108,-6.28190E-013
1.109,-6.27980E-013
1.11,-6.27770E-013
1.111,-6.27550E-013
1.112,-6.27340E-013
1.113,-6.27130E-013
1.114,-6.26920E-013
1.115,-6.26710E-013
1.116,-6.26500E-013
1.117,-6.26290E-013
1.118,-6.26080E-013
1.119,-6.25870E-013
1.12,-6.25660E-013
1.121,-6.25450E-013
1.122,-6.25240E-013
1.123,-6.25030E-013
1.124,-6.24820E-013
1.125,-6.24610E-013
1.126,-6.24400E-013
1.127,-6.24190E-013
1.128,-6.23980E-013
1.129,-6.23770E-013
1.13,-6.23570E-013
1.131,-6.23360E-013
1.132,-6.23150E-013
1.133,-6.22960E-013
1.134,-6.22750E-013
1.135,-6.22540E-013
1.136,-6.22330E-013
1.137,-6.22110E-013
1.138,-6.21900E-013
1.139,-6.21700E-013
1.14,-6.21490E-013
1.141,-6.21290E-013
1.142,-6.21080E-013
1.143,-6.20870E-013
1.144,-6.20670E-013
1.145,-6.20460E-013
1.146,-6.20260E-013
1.147,-6.20050E-013
1.148,-6.19850E-013
1.149,-6.19640E-013
1.15,-6.19440E-013
1.151,-6.19230E-013
1.152,-6.19030E-013
1.153,-6.18830E-013
1.154,-6.18620E-013
1.155,-6.18420E-013
1.156,-6.18210E-013
1.157,-6.18010E-013
1.158,-6.17810E-013
1.159,-6.17610E-013
1.16,-6.17400E-013
1.161,-6.17200E-013
1.162,-6.16970E-013
1.163,-6.16770E-013
1.164,-6.16570E-013
1.165,-6.16370E-013
1.166,-6.16170E-013
1.167,-6.15970E-013
1.168,-6.15760E-013
1.169,-6.15590E-013
1.17,-6.15390E-013
1.171,-6.15190E-013
1.172,-6.14960E-013
1.173,-6.14760E-013
1.174,-6.14560E-013
1.175,-6.14350E-013
1.176,-6.14150E-013
1.177,-6.13950E-013
1.178,-6.13730E-013
1.179,-6.13530E-013
1.18,-6.13330E-013
1.181,-6.13130E-013
1.182,-6.12930E-013
1.183,-6.12740E-013
1.184,-6.12540E-013
1.185,-6.12340E-013
1.186,-6.12140E-013
1.187,-6.11940E-013
1.188,-6.11740E-013
1.189,-6.11550E-013
1.19,-6.11350E-013
1.191,-6.11150E-013
1.192,-6.10960E-013
1.193,-6.10760E-013
1.194,-6.10560E-013
1.195,-6.10370E-013
1.196,-6.10190E-013
1.197,-6.09990E-013
1.198,-6.09790E-013
1.199,-6.09600E-013
1.2,-6.09400E-013
1.201,-6.09210E-013
1.202,-6.09010E-013
1.203,-6.08820E-013
1.204,-6.08620E-013
1.205,-6.08430E-013
1.206,-6.08230E-013
1.207,-6.08040E-013
1.208,-6.07840E-013
1.209,-6.07650E-013
1.21,-6.07450E-013
1.211,-6.07260E-013
1.212,-6.07070E-013
1.213,-6.06870E-013
1.214,-6.06680E-013
1.215,-6.06490E-013
1.216,-6.06290E-013
1.217,-6.06100E-013
1.218,-6.05910E-013
1.219,-6.05720E-013
1.22,-6.05520E-013
1.221,-6.05330E-013
1.222,-6.05140E-013
1.223,-6.04950E-013
1.224,-6.04760E-013
1.225,-6.04560E-013
1.226,-6.04370E-013
1.227,-6.04180E-013
1.228,-6.03990E-013
1.229,-6.03790E-013
1.23,-6.03600E-013
1.231,-6.03410E-013
1.232,-6.03240E-013
1.233,-6.03050E-013
1.234,-6.02860E-013
1.235,-6.02670E-013
1.236,-6.02480E-013
1.237,-6.02290E-013
1.238,-6.02100E-013
1.239,-6.01910E-013
1.24,-6.01720E-013
1.241,-6.01530E-013
1.242,-6.01340E-013
1.243,-6.01150E-013
1.244,-6.00960E-013
1.245,-6.00780E-013
1.246,-6.00590E-013
1.247,-6.00400E-013
1.248,-6.00210E-013
1.249,-6.00030E-013
1.25,-5.99840E-013
1.251,-5.99650E-013
1.252,-5.99460E-013
1.253,-5.99280E-013
1.254,-5.99090E-013
1.255,-5.98900E-013
1.256,-5.98720E-013
1.257,-5.98530E-013
1.258,-5.98340E-013
1.259,-5.98160E-013
1.26,-5.97970E-013
1.261,-5.97790E-013
1.262,-5.97600E-013
1.263,-5.97410E-013
1.264,-5.97230E-013
1.265,-5.97040E-013
1.266,-5.96860E-013
1.267,-5.96670E-013
1.268,-5.96490E-013
1.269,-5.96300E-013
1.27,-5.96070E-013
1.271,-5.95890E-013
1.272,-5.95700E-013
1.273,-5.95520E-013
1.274,-5.95340E-013
1.275,-5.95150E-013
1.276,-5.94970E-013
1.277,-5.94790E-013
1.278,-5.94600E-013
1.279,-5.94420E-013
1.28,-5.94240E-013
1.281,-5.94050E-013
1.282,-5.93870E-013
1.283,-5.93690E-013
1.284,-5.93510E-013
1.285,-5.93320E-013
1.286,-5.93140E-013
1.287,-5.92960E-013
1.288,-5.92780E-013
1.289,-5.92600E-013
1.29,-5.92410E-013
1.291,-5.92230E-013
1.292,-5.92050E-013
1.293,-5.91870E-013
1.294,-5.91690E-013
1.295,-5.91510E-013
1.296,-5.91330E-013
1.297,-5.91150E-013
1.298,-5.90970E-013
1.299,-5.90790E-013
1.3,-5.90610E-013
1.301,-5.90430E-013
1.302,-5.90250E-013
1.303,-5.90070E-013
1.304,-5.89890E-013
1.305,-5.89710E-013
1.306,-5.89530E-013
1.307,-5.89350E-013
1.308,-5.89180E-013
1.309,-5.89000E-013
1.31,-5.88820E-013
1.311,-5.88640E-013
1.312,-5.88460E-013
1.313,-5.88280E-013
1.314,-5.88120E-013
1.315,-5.87940E-013
1.316,-5.87760E-013
1.317,-5.87580E-013
1.318,-5.87410E-013
1.319,-5.87230E-013
1.32,-5.87050E-013
1.321,-5.86870E-013
1.322,-5.86690E-013
1.323,-5.86520E-013
1.324,-5.86340E-013
1.325,-5.86170E-013
1.326,-5.85990E-013
1.327,-5.85810E-013
1.328,-5.85640E-013
1.329,-5.85460E-013
1.33,-5.85290E-013
1.331,-5.85110E-013
1.332,-5.84930E-013
1.333,-5.84760E-013
1.334,-5.84580E-013
1.335,-5.84410E-013
1.336,-5.84230E-013
1.337,-5.84060E-013
1.338,-5.83890E-013
1.339,-5.83710E-013
1.34,-5.83540E-013
1.341,-5.83360E-013
1.342,-5.83190E-013
1.343,-5.83010E-013
1.344,-5.82840E-013
1.345,-5.82670E-013
1.346,-5.82490E-013
1.347,-5.82320E-013
1.348,-5.82150E-013
1.349,-5.81970E-013
1.35,-5.81800E-013
1.351,-5.81630E-013
1.352,-5.81450E-013
1.353,-5.81280E-013
1.354,-5.81110E-013
1.355,-5.80940E-013
1.356,-5.80760E-013
1.357,-5.80590E-013
1.358,-5.80420E-013
1.359,-5.80250E-013
1.36,-5.80070E-013
1.361,-5.79910E-013
1.362,-5.79730E-013
1.363,-5.79560E-013
1.364,-5.79390E-013
1.365,-5.79220E-013
1.366,-5.79050E-013
1.367,-5.78880E-013
1.368,-5.78710E-013
1.369,-5.78540E-013
1.37,-5.78370E-013
1.371,-5.78200E-013
1.372,-5.78030E-013
1.373,-5.77860E-013
1.374,-5.77690E-013
1.375,-5.77520E-013
1.376,-5.77350E-013
1.377,-5.77180E-013
1.378,-5.77010E-013
1.379,-5.76840E-013
1.38,-5.76670E-013
1.381,-5.76500E-013
1.382,-5.76340E-013
1.383,-5.76170E-013
1.384,-5.76000E-013
1.385,-5.75830E-013
1.386,-5.75660E-013
1.387,-5.75490E-013
1.388,-5.75330E-013
1.389,-5.75160E-013
1.39,-5.74990E-013
1.391,-5.74820E-013
1.392,-5.74660E-013
1.393,-5.74490E-013
1.394,-5.74320E-013
1.395,-5.74150E-013
1.396,-5.73990E-013
1.397,-5.73820E-013
1.398,-5.73650E-013
1.399,-5.73490E-013
1.4,-5.73320E-013
1.401,-5.73150E-013
1.402,-5.72990E-013
1.403,-5.72820E-013
1.404,-5.72660E-013
1.405,-5.72490E-013
1.406,-5.72320E-013
1.407,-5.72160E-013
1.408,-5.71990E-013
1.409,-5.71830E-013
1.41,-5.71660E-013
1.411,-5.71500E-013
1.412,-5.71330E-013
1.413,-5.71170E-013
1.414,-5.71000E-013
1.415,-5.70840E-013
1.416,-5.70670E-013
1.417,-5.70510E-013
1.418,-5.70350E-013
1.419,-5.70180E-013
1.42,-5.70020E-013
1.421,-5.69850E-013
1.422,-5.69690E-013
1.423,-5.69530E-013
1.424,-5.69360E-013
1.425,-5.69200E-013
1.426,-5.69040E-013
1.427,-5.68870E-013
1.428,-5.68710E-013
1.429,-5.68550E-013
1.43,-5.68380E-013
1.431,-5.68220E-013
1.432,-5.68060E-013
1.433,-5.67900E-013
1.434,-5.67730E-013
1.435,-5.67570E-013
1.436,-5.67410E-013
1.437,-5.67250E-013
1.438,-5.67090E-013
1.439,-5.66920E-013
1.44,-5.66760E-013
1.441,-5.66600E-013
1.442,-5.66440E-013
1.443,-5.66280E-013
1.444,-5.66110E-013
1.445,-5.65960E-013
1.446,-5.65790E-013
1.447,-5.65630E-013
1.448,-5.65470E-013
1.449,-5.65310E-013
1.45,-5.65150E-013
1.451,-5.64990E-013
1.452,-5.64830E-013
1.453,-5.64670E-013
1.454,-5.64510E-013
1.455,-5.64350E-013
1.456,-5.64190E-013
1.457,-5.64030E-013
1.458,-5.63870E-013
1.459,-5.63710E-013
1.46,-5.63550E-013
1.461,-5.63390E-013
1.462,-5.63230E-013
1.463,-5.63080E-013
1.464,-5.62920E-013
1.465,-5.62760E-013
1.466,-5.62600E-013
1.467,-5.62440E-013
1.468,-5.62280E-013
1.469,-5.62120E-013
1.47,-5.61970E-013
1.471,-5.61810E-013
1.472,-5.61650E-013
1.473,-5.61490E-013
1.474,-5.61330E-013
1.475,-5.61180E-013
1.476,-5.61020E-013
1.477,-5.60860E-013
1.478,-5.60700E-013
1.479,-5.60550E-013
1.48,-5.60390E-013
1.481,-5.60230E-013
1.482,-5.60080E-013
1.483,-5.59920E-013
1.484,-5.59760E-013
1.485,-5.59610E-013
1.486,-5.59450E-013
1.487,-5.59290E-013
1.488,-5.59140E-013
1.489,-5.58980E-013
1.49,-5.58830E-013
1.491,-5.58670E-013
1.492,-5.58510E-013
1.493,-5.58360E-013
1.494,-5.58200E-013
1.495,-5.58050E-013
1.496,-5.57890E-013
1.497,-5.57730E-013
1.498,-5.57580E-013
1.499,-5.57430E-013
1.5,-5.57270E-013
1.501,-5.57120E-013
1.502,-5.56960E-013
1.503,-5.56810E-013
1.504,-5.56650E-013
1.505,-5.56500E-013
1.506,-5.56340E-013
1.507,-5.56190E-013
1.508,-5.56040E-013
1.509,-5.55880E-013
1.51,-5.55730E-013
1.511,-5.55570E-013
1.512,-5.55420E-013
1.513,-5.55270E-013
1.514,-5.55110E-013
1.515,-5.54960E-013
1.516,-5.54810E-013
1.517,-5.54660E-013
1.518,-5.54500E-013
1.519,-5.54350E-013
1.52,-5.54200E-013
1.521,-5.54040E-013
1.522,-5.53890E-013
1.523,-5.53740E-013
1.524,-5.53590E-013
1.525,-5.53440E-013
1.526,-5.53280E-013
1.527,-5.53130E-013
1.528,-5.52980E-013
1.529,-5.52830E-013
1.53,-5.52680E-013
1.531,-5.52520E-013
1.532,-5.52370E-013
1.533,-5.52220E-013
1.534,-5.52070E-013
1.535,-5.51920E-013
1.536,-5.51770E-013
1.537,-5.51620E-013
1.538,-5.51470E-013
1.539,-5.51320E-013
1.54,-5.51170E-013
1.541,-5.51010E-013
1.542,-5.50860E-013
1.543,-5.50710E-013
1.544,-5.50560E-013
1.545,-5.50410E-013
1.546,-5.50260E-013
1.547,-5.50110E-013
1.548,-5.49960E-013
1.549,-5.49810E-013
1.55,-5.49660E-013
1.551,-5.49520E-013
1.552,-5.49370E-013
1.553,-5.49220E-013
1.554,-5.49070E-013
1.555,-5.48920E-013
1.556,-5.48770E-013
1.557,-5.48620E-013
1.558,-5.48470E-013
1.559,-5.48320E-013
1.56,-5.48170E-013
1.561,-5.48030E-013
1.562,-5.47880E-013
1.563,-5.47730E-013
1.564,-5.47580E-013
1.565,-5.47430E-013
1.566,-5.47290E-013
1.567,-5.47140E-013
1.568,-5.46990E-013
1.569,-5.46840E-013
1.57,-5.46690E-013
1.571,-5.46550E-013
1.572,-5.46400E-013
1.573,-5.46250E-013
1.574,-5.46110E-013
1.575,-5.45960E-013
1.576,-5.45810E-013
1.577,-5.45660E-013
1.578,-5.45520E-013
1.579,-5.45370E-013
1.58,-5.45220E-013
1.581,-5.45080E-013
1.582,-5.44930E-013
1.583,-5.44780E-013
1.584,-5.44640E-013
1.585,-5.44490E-013
1.586,-5.44350E-013
1.587,-5.44200E-013
1.588,-5.44060E-013
1.589,-5.43910E-013
1.59,-5.43760E-013
1.591,-5.43620E-013
1.592,-5.43470E-013
1.593,-5.43330E-013
1.594,-5.43180E-013
1.595,-5.43040E-013
1.596,-5.42890E-013
1.597,-5.42750E-013
1.598,-5.42600E-013
1.599,-5.42460E-013
1.6,-5.42310E-013
1.601,-5.42170E-013
1.602,-5.42020E-013
1.603,-5.41880E-013
1.604,-5.41730E-013
1.605,-5.41590E-013
1.606,-5.41450E-013
1.607,-5.41300E-013
1.608,-5.41160E-013
1.609,-5.41000E-013
1.61,-5.40860E-013
1.611,-5.40710E-013
1.612,-5.40570E-013
1.613,-5.40430E-013
1.614,-5.40280E-013
1.615,-5.40140E-013
1.616,-5.40000E-013
1.617,-5.39850E-013
1.618,-5.39710E-013
1.619,-5.39570E-013
1.62,-5.39430E-013
1.621,-5.39280E-013
1.622,-5.39140E-013
1.623,-5.39000E-013
1.624,-5.38860E-013
1.625,-5.38710E-013
1.626,-5.38570E-013
1.627,-5.38430E-013
1.628,-5.38290E-013
1.629,-5.38150E-013
1.63,-5.38000E-013
1.631,-5.37860E-013
1.632,-5.37720E-013
1.633,-5.37580E-013
1.634,-5.37440E-013
1.635,-5.37300E-013
1.636,-5.37150E-013
1.637,-5.37010E-013
1.638,-5.36870E-013
1.639,-5.36730E-013
1.64,-5.36590E-013
1.641,-5.36450E-013
1.642,-5.36310E-013
1.643,-5.36170E-013
1.644,-5.36030E-013
1.645,-5.35890E-013
1.646,-5.35750E-013
1.647,-5.35610E-013
1.648,-5.35470E-013
1.649,-5.35330E-013
1.65,-5.35190E-013
1.651,-5.35050E-013
1.652,-5.34910E-013
1.653,-5.34770E-013
1.654,-5.34630E-013
1.655,-5.34490E-013
1.656,-5.34350E-013
1.657,-5.34210E-013
1.658,-5.34070E-013
1.659,-5.33930E-013
1.66,-5.33790E-013
1.661,-5.33650E-013
1.662,-5.33510E-013
1.663,-5.33370E-013
1.664,-5.33230E-013
1.665,-5.33100E-013
1.666,-5.32960E-013
1.667,-5.32820E-013
1.668,-5.32680E-013
1.669,-5.32540E-013
1.67,-5.32400E-013
1.671,-5.32270E-013
1.672,-5.32130E-013
1.673,-5.31990E-013
1.674,-5.31850E-013
1.675,-5.31710E-013
1.676,-5.31580E-013
1.677,-5.31440E-013
1.678,-5.31300E-013
1.679,-5.31160E-013
1.68,-5.31030E-013
1.681,-5.30890E-013
1.682,-5.30750E-013
1.683,-5.30610E-013
1.684,-5.30480E-013
1.685,-5.30340E-013
1.686,-5.30200E-013
1.687,-5.30070E-013
1.688,-5.29930E-013
1.689,-5.29800E-013
1.69,-5.29660E-013
1.691,-5.29530E-013
1.692,-5.29390E-013
1.693,-5.29260E-013
1.694,-5.29120E-013
1.695,-5.28980E-013
1.696,-5.28850E-013
1.697,-5.28710E-013
1.698,-5.28570E-013
1.699,-5.28440E-013
1.7,-5.28300E-013
1.701,-5.28170E-013
1.702,-5.28030E-013
1.703,-5.27900E-013
1.704,-5.27760E-013
1.705,-5.27630E-013
1.706,-5.27490E-013
1.707,-5.27360E-013
1.708,-5.27220E-013
1.709,-5.27090E-013
1.71,-5.26950E-013
1.711,-5.26820E-013
1.712,-5.26680E-013
1.713,-5.26550E-013
1.714,-5.26410E-013
1.715,-5.26280E-013
1.716,-5.26140E-013
1.717,-5.26010E-013
1.718,-5.25880E-013
1.719,-5.25740E-013
1.72,-5.25610E-013
1.721,-5.25470E-013
1.722,-5.25340E-013
1.723,-5.25210E-013
1.724,-5.25070E-013
1.725,-5.24940E-013
1.726,-5.24800E-013
1.727,-5.24670E-013
1.728,-5.24540E-013
1.729,-5.24400E-013
1.73,-5.24270E-013
1.731,-5.24140E-013
1.732,-5.24000E-013
1.733,-5.23870E-013
1.734,-5.23740E-013
1.735,-5.23610E-013
1.736,-5.23470E-013
1.737,-5.23340E-013
1.738,-5.23210E-013
1.739,-5.23080E-013
1.74,-5.22940E-013
1.741,-5.22810E-013
1.742,-5.22680E-013
1.743,-5.22550E-013
1.744,-5.22410E-013
1.745,-5.22280E-013
1.746,-5.22150E-013
1.747,-5.22020E-013
1.748,-5.21890E-013
1.749,-5.21760E-013
1.75,-5.21620E-013
1.751,-5.21490E-013
1.752,-5.21360E-013
1.753,-5.21230E-013
1.754,-5.21100E-013
1.755,-5.20970E-013
1.756,-5.20840E-013
1.757,-5.20700E-013
1.758,-5.20570E-013
1.759,-5.20440E-013
1.76,-5.20310E-013
1.761,-5.20180E-013
1.762,-5.20050E-013
1.763,-5.19920E-013
1.764,-5.19790E-013
1.765,-5.19660E-013
1.766,-5.19530E-013
1.767,-5.19400E-013
1.768,-5.19270E-013
1.769,-5.19140E-013
1.77,-5.19010E-013
1.771,-5.18880E-013
1.772,-5.18750E-013
1.773,-5.18620E-013
1.774,-5.18490E-013
1.775,-5.18360E-013
1.776,-5.18230E-013
1.777,-5.18100E-013
1.778,-5.17970E-013
1.779,-5.17840E-013
1.78,-5.17710E-013
1.781,-5.17580E-013
1.782,-5.17450E-013
1.783,-5.17320E-013
1.784,-5.17200E-013
1.785,-5.17070E-013
1.786,-5.16940E-013
1.787,-5.16810E-013
1.788,-5.16680E-013
1.789,-5.16550E-013
1.79,-5.16420E-013
1.791,-5.16290E-013
1.792,-5.16170E-013
1.793,-5.16040E-013
1.794,-5.15910E-013
1.795,-5.15780E-013
1.796,-5.15650E-013
1.797,-5.15530E-013
1.798,-5.15400E-013
1.799,-5.15270E-013
1.8,-5.15140E-013
1.801,-5.15010E-013
1.802,-5.14890E-013
1.803,-5.14760E-013
1.804,-5.14630E-013
1.805,-5.14500E-013
1.806,-5.14380E-013
1.807,-5.14250E-013
1.808,-5.14120E-013
1.809,-5.14000E-013
1.81,-5.13870E-013
1.811,-5.13750E-013
1.812,-5.13620E-013
1.813,-5.13490E-013
1.814,-5.13370E-013
1.815,-5.13240E-013
1.816,-5.13110E-013
1.817,-5.12990E-013
1.818,-5.12860E-013
1.819,-5.12730E-013
1.82,-5.12610E-013
1.821,-5.12480E-013
1.822,-5.12360E-013
1.823,-5.12230E-013
1.824,-5.12100E-013
1.825,-5.11980E-013
1.826,-5.11850E-013
1.827,-5.11730E-013
1.828,-5.11600E-013
1.829,-5.11470E-013
1.83,-5.11350E-013
1.831,-5.11220E-013
1.832,-5.11100E-013
1.833,-5.10970E-013
1.834,-5.10850E-013
1.835,-5.10720E-013
1.836,-5.10600E-013
1.837,-5.10470E-013
1.838,-5.10350E-013
1.839,-5.10220E-013
1.84,-5.10100E-013
1.841,-5.09970E-013
1.842,-5.09850E-013
1.843,-5.09720E-013
1.844,-5.09600E-013
1.845,-5.09480E-013
1.846,-5.09350E-013
1.847,-5.09230E-013
1.848,-5.09110E-013
1.849,-5.08980E-013
1.85,-5.08860E-013
1.851,-5.08730E-013
1.852,-5.08610E-013
1.853,-5.08490E-013
1.854,-5.08360E-013
1.855,-5.08240E-013
1.856,-5.08120E-013
1.857,-5.07990E-013
1.858,-5.07870E-013
1.859,-5.07740E-013
1.86,-5.07620E-013
1.861,-5.07500E-013
1.862,-5.07370E-013
1.863,-5.07250E-013
1.864,-5.07130E-013
1.865,-5.07010E-013
1.866,-5.06880E-013
1.867,-5.06760E-013
1.868,-5.06640E-013
1.869,-5.06510E-013
1.87,-5.06390E-013
1.871,-5.06270E-013
1.872,-5.06150E-013
1.873,-5.06020E-013
1.874,-5.05900E-013
1.875,-5.05780E-013
1.876,-5.05660E-013
1.877,-5.05530E-013
1.878,-5.05410E-013
1.879,-5.05290E-013
1.88,-5.05170E-013
1.881,-5.05050E-013
1.882,-5.04920E-013
1.883,-5.04800E-013
1.884,-5.04680E-013
1.885,-5.04560E-013
1.886,-5.04440E-013
1.887,-5.04320E-013
1.888,-5.04190E-013
1.889,-5.04070E-013
1.89,-5.03950E-013
1.891,-5.03830E-013
1.892,-5.03710E-013
1.893,-5.03590E-013
1.894,-5.03470E-013
1.895,-5.03350E-013
1.896,-5.03230E-013
1.897,-5.03100E-013
1.898,-5.02980E-013
1.899,-5.02860E-013
1.9,-5.02740E-013
1.901,-5.02620E-013
1.902,-5.02500E-013
1.903,-5.02380E-013
1.904,-5.02260E-013
1.905,-5.02140E-013
1.906,-5.02020E-013
1.907,-5.01900E-013
1.908,-5.01780E-013
1.909,-5.01660E-013
1.91,-5.01540E-013
1.911,-5.01420E-013
1.912,-5.01300E-013
1.913,-5.01180E-013
1.914,-5.01060E-013
1.915,-5.00940E-013
1.916,-5.00820E-013
1.917,-5.00700E-013
1.918,-5.00580E-013
1.919,-5.00460E-013
1.92,-5.00340E-013
1.921,-5.00220E-013
1.922,-5.00110E-013
1.923,-4.99990E-013
1.924,-4.99870E-013
1.925,-4.99750E-013
1.926,-4.99630E-013
1.927,-4.99510E-013
1.928,-4.99390E-013
1.929,-4.99270E-013
1.93,-4.99150E-013
1.931,-4.99040E-013
1.932,-4.98920E-013
1.933,-4.98800E-013
1.934,-4.98680E-013
1.935,-4.98560E-013
1.936,-4.98440E-013
1.937,-4.98330E-013
1.938,-4.98210E-013
1.939,-4.98090E-013
1.94,-4.97970E-013
1.941,-4.97850E-013
1.942,-4.97740E-013
1.943,-4.97620E-013
1.944,-4.97500E-013
1.945,-4.97380E-013
1.946,-4.97270E-013
1.947,-4.97150E-013
1.948,-4.97030E-013
1.949,-4.96910E-013
1.95,-4.96800E-013
1.951,-4.96680E-013
1.952,-4.96560E-013
1.953,-4.96440E-013
1.954,-4.96330E-013
1.955,-4.96210E-013
1.956,-4.96090E-013
1.957,-4.95980E-013
1.958,-4.95860E-013
1.959,-4.95740E-013
1.96,-4.95620E-013
1.961,-4.95500E-013
1.962,-4.95390E-013
1.963,-4.95270E-013
1.964,-4.95150E-013
1.965,-4.95040E-013
1.966,-4.94920E-013
1.967,-4.94810E-013
1.968,-4.94690E-013
1.969,-4.94570E-013
1.97,-4.94460E-013
1.971,-4.94340E-013
1.972,-4.94220E-013
1.973,-4.94110E-013
1.974,-4.93990E-013
1.975,-4.93880E-013
1.976,-4.93760E-013
1.977,-4.93650E-013
1.978,-4.93530E-013
1.979,-4.93420E-013
1.98,-4.93300E-013
1.981,-4.93180E-013
1.982,-4.93070E-013
1.983,-4.92950E-013
1.984,-4.92840E-013
1.985,-4.92720E-013
1.986,-4.92610E-013
1.987,-4.92490E-013
1.988,-4.92380E-013
1.989,-4.92260E-013
1.99,-4.92150E-013
1.991,-4.92030E-013
1.992,-4.91920E-013
1.993,-4.91800E-013
1.994,-4.91690E-013
1.995,-4.91570E-013
1.996,-4.91460E-013
1.997,-4.91350E-013
1.998,-4.91230E-013
1.999,-4.91120E-013
2,-4.91000E-013
2.001,-4.90890E-013
2.002,-4.90780E-013
2.003,-4.90660E-013
2.004,-4.90550E-013
2.005,-4.90430E-013
2.006,-4.90320E-013
2.007,-4.90210E-013
2.008,-4.90090E-013
2.009,-4.89980E-013
2.01,-4.89870E-013
2.011,-4.89750E-013
2.012,-4.89640E-013
2.013,-4.89520E-013
2.014,-4.89410E-013
2.015,-4.89300E-013
2.016,-4.89180E-013
2.017,-4.89070E-013
2.018,-4.88960E-013
2.019,-4.88850E-013
2.02,-4.88730E-013
2.021,-4.88620E-013
2.022,-4.88510E-013
2.023,-4.88390E-013
2.024,-4.88280E-013
2.025,-4.88170E-013
2.026,-4.88060E-013
2.027,-4.87940E-013
2.028,-4.87830E-013
2.029,-4.87720E-013
2.03,-4.87610E-013
2.031,-4.87490E-013
2.032,-4.87380E-013
2.033,-4.87270E-013
2.034,-4.87160E-013
2.035,-4.87040E-013
2.036,-4.86930E-013
2.037,-4.86820E-013
2.038,-4.86710E-013
2.039,-4.86600E-013
2.04,-4.86480E-013
2.041,-4.86370E-013
2.042,-4.86260E-013
2.043,-4.86150E-013
2.044,-4.86040E-013
2.045,-4.85930E-013
2.046,-4.85810E-013
2.047,-4.85700E-013
2.048,-4.85590E-013
2.049,-4.85480E-013
2.05,-4.85370E-013
2.051,-4.85260E-013
2.052,-4.85150E-013
2.053,-4.85040E-013
2.054,-4.84930E-013
2.055,-4.84820E-013
2.056,-4.84710E-013
2.057,-4.84600E-013
2.058,-4.84490E-013
2.059,-4.84370E-013
2.06,-4.84260E-013
2.061,-4.84150E-013
2.062,-4.84040E-013
2.063,-4.83930E-013
2.064,-4.83820E-013
2.065,-4.83710E-013
2.066,-4.83600E-013
2.067,-4.83490E-013
2.068,-4.83380E-013
2.069,-4.83270E-013
2.07,-4.83160E-013
2.071,-4.83050E-013
2.072,-4.82940E-013
2.073,-4.82830E-013
2.074,-4.82720E-013
2.075,-4.82610E-013
2.076,-4.82500E-013
2.077,-4.82390E-013
2.078,-4.82280E-013
2.079,-4.82170E-013
2.08,-4.82060E-013
2.081,-4.81950E-013
2.082,-4.81840E-013
2.083,-4.81730E-013
2.084,-4.81630E-013
2.085,-4.81520E-013
2.086,-4.81410E-013
2.087,-4.81300E-013
2.088,-4.81190E-013
2.089,-4.81080E-013
2.09,-4.80970E-013
2.091,-4.80860E-013
2.092,-4.80750E-013
2.093,-4.80640E-013
2.094,-4.80540E-013
2.095,-4.80430E-013
2.096,-4.80320E-013
2.097,-4.80210E-013
2.098,-4.80100E-013
2.099,-4.79990E-013
2.1,-4.79880E-013
2.101,-4.79770E-013
2.102,-4.79660E-013
2.103,-4.79550E-013
2.104,-4.79440E-013
2.105,-4.79330E-013
2.106,-4.79230E-013
2.107,-4.79120E-013
2.108,-4.79010E-013
2.109,-4.78900E-013
2.11,-4.78790E-013
2.111,-4.78690E-013
2.112,-4.78580E-013
2.113,-4.78470E-013
2.114,-4.78360E-013
2.115,-4.78260E-013
2.116,-4.78150E-013
2.117,-4.78040E-013
2.118,-4.77930E-013
2.119,-4.77830E-013
2.12,-4.77720E-013
2.121,-4.77610E-013
2.122,-4.77510E-013
2.123,-4.77400E-013
2.124,-4.77290E-013
2.125,-4.77180E-013
2.126,-4.77080E-013
2.127,-4.76970E-013
2.128,-4.76860E-013
2.129,-4.76760E-013
2.13,-4.76650E-013
2.131,-4.76540E-013
2.132,-4.76440E-013
2.133,-4.76330E-013
2.134,-4.76220E-013
2.135,-4.76120E-013
2.136,-4.76010E-013
2.137,-4.75900E-013
2.138,-4.75800E-013
2.139,-4.75690E-013
2.14,-4.75580E-013
2.141,-4.75480E-013
2.142,-4.75370E-013
2.143,-4.75270E-013
2.144,-4.75160E-013
2.145,-4.75050E-013
2.146,-4.74950E-013
2.147,-4.74840E-013
2.148,-4.74740E-013
2.149,-4.74630E-013
2.15,-4.74520E-013
2.151,-4.74420E-013
2.152,-4.74310E-013
2.153,-4.74210E-013
2.154,-4.74100E-013
2.155,-4.74000E-013
2.156,-4.73890E-013
2.157,-4.73790E-013
2.158,-4.73680E-013
2.159,-4.73580E-013
2.16,-4.73470E-013
2.161,-4.73360E-013
2.162,-4.73260E-013
2.163,-4.73150E-013
2.164,-4.73050E-013
2.165,-4.72950E-013
2.166,-4.72840E-013
2.167,-4.72740E-013
2.168,-4.72630E-013
2.169,-4.72530E-013
2.17,-4.72420E-013
2.171,-4.72320E-013
2.172,-4.72210E-013
2.173,-4.72110E-013
2.174,-4.72000E-013
2.175,-4.71890E-013
2.176,-4.71790E-013
2.177,-4.71680E-013
2.178,-4.71580E-013
2.179,-4.71480E-013
2.18,-4.71370E-013
2.181,-4.71270E-013
2.182,-4.71160E-013
2.183,-4.71060E-013
2.184,-4.70960E-013
2.185,-4.70850E-013
2.186,-4.70750E-013
2.187,-4.70640E-013
2.188,-4.70540E-013
2.189,-4.70440E-013
2.19,-4.70330E-013
2.191,-4.70230E-013
2.192,-4.70130E-013
2.193,-4.70020E-013
2.194,-4.69920E-013
2.195,-4.69820E-013
2.196,-4.69710E-013
2.197,-4.69610E-013
2.198,-4.69510E-013
2.199,-4.69400E-013
2.2,-4.69300E-013
2.201,-4.69200E-013
2.202,-4.69090E-013
2.203,-4.68990E-013
2.204,-4.68890E-013
2.205,-4.68780E-013
2.206,-4.68680E-013
2.207,-4.68580E-013
2.208,-4.68470E-013
2.209,-4.68370E-013
2.21,-4.68270E-013
2.211,-4.68170E-013
2.212,-4.68060E-013
2.213,-4.67960E-013
2.214,-4.67860E-013
2.215,-4.67760E-013
2.216,-4.67650E-013
2.217,-4.67550E-013
2.218,-4.67450E-013
2.219,-4.67350E-013
2.22,-4.67250E-013
2.221,-4.67140E-013
2.222,-4.67040E-013
2.223,-4.66940E-013
2.224,-4.66840E-013
2.225,-4.66740E-013
2.226,-4.66630E-013
2.227,-4.66530E-013
2.228,-4.66430E-013
2.229,-4.66330E-013
2.23,-4.66230E-013
2.231,-4.66120E-013
2.232,-4.66020E-013
2.233,-4.65920E-013
2.234,-4.65820E-013
2.235,-4.65720E-013
2.236,-4.65620E-013
2.237,-4.65520E-013
2.238,-4.65410E-013
2.239,-4.65310E-013
2.24,-4.65210E-013
2.241,-4.65110E-013
2.242,-4.65010E-013
2.243,-4.64910E-013
2.244,-4.64810E-013
2.245,-4.64710E-013
2.246,-4.64610E-013
2.247,-4.64500E-013
2.248,-4.64400E-013
2.249,-4.64300E-013
2.25,-4.64200E-013
2.251,-4.64100E-013
2.252,-4.64000E-013
2.253,-4.63900E-013
2.254,-4.63800E-013
2.255,-4.63700E-013
2.256,-4.63600E-013
2.257,-4.63500E-013
2.258,-4.63400E-013
2.259,-4.63300E-013
2.26,-4.63200E-013
2.261,-4.63100E-013
2.262,-4.63000E-013
2.263,-4.62900E-013
2.264,-4.62800E-013
2.265,-4.62700E-013
2.266,-4.62600E-013
2.267,-4.62500E-013
2.268,-4.62400E-013
2.269,-4.62300E-013
2.27,-4.62200E-013
2.271,-4.62100E-013
2.272,-4.62000E-013
2.273,-4.61900E-013
2.274,-4.61800E-013
2.275,-4.61700E-013
2.276,-4.61600E-013
2.277,-4.61500E-013
2.278,-4.61400E-013
2.279,-4.61300E-013
2.28,-4.61200E-013
2.281,-4.61100E-013
2.282,-4.61000E-013
2.283,-4.60900E-013
2.284,-4.60800E-013
2.285,-4.60710E-013
2.286,-4.60610E-013
2.287,-4.60510E-013
2.288,-4.60410E-013
2.289,-4.60310E-013
2.29,-4.60210E-013
2.291,-4.60120E-013
2.292,-4.60020E-013
2.293,-4.59930E-013
2.294,-4.59830E-013
2.295,-4.59730E-013
2.296,-4.59630E-013
2.297,-4.59530E-013
2.298,-4.59440E-013
2.299,-4.59340E-013
2.3,-4.59240E-013
2.301,-4.59140E-013
2.302,-4.59040E-013
2.303,-4.58940E-013
2.304,-4.58850E-013
2.305,-4.58750E-013
2.306,-4.58650E-013
2.307,-4.58550E-013
2.308,-4.58450E-013
2.309,-4.58350E-013
2.31,-4.58260E-013
2.311,-4.58160E-013
2.312,-4.58060E-013
2.313,-4.57960E-013
2.314,-4.57870E-013
2.315,-4.57770E-013
2.316,-4.57670E-013
2.317,-4.57570E-013
2.318,-4.57470E-013
2.319,-4.57380E-013
2.32,-4.57280E-013
2.321,-4.57180E-013
2.322,-4.57080E-013
2.323,-4.56990E-013
2.324,-4.56890E-013
2.325,-4.56790E-013
2.326,-4.56700E-013
2.327,-4.56600E-013
2.328,-4.56500E-013
2.329,-4.56400E-013
2.33,-4.56310E-013
2.331,-4.56210E-013
2.332,-4.56110E-013
2.333,-4.56020E-013
2.334,-4.55920E-013
2.335,-4.55820E-013
2.336,-4.55730E-013
2.337,-4.55630E-013
2.338,-4.55530E-013
2.339,-4.55440E-013
2.34,-4.55340E-013
2.341,-4.55240E-013
2.342,-4.55150E-013
2.343,-4.55050E-013
2.344,-4.54950E-013
2.345,-4.54860E-013
2.346,-4.54760E-013
2.347,-4.54660E-013
2.348,-4.54570E-013
2.349,-4.54470E-013
2.35,-4.54380E-013
2.351,-4.54280E-013
2.352,-4.54180E-013
2.353,-4.54090E-013
2.354,-4.53990E-013
2.355,-4.53900E-013
2.356,-4.53800E-013
2.357,-4.53700E-013
2.358,-4.53610E-013
2.359,-4.53510E-013
2.36,-4.53420E-013
2.361,-4.53320E-013
2.362,-4.53230E-013
2.363,-4.53130E-013
2.364,-4.53030E-013
2.365,-4.52940E-013
2.366,-4.52840E-013
2.367,-4.52750E-013
2.368,-4.52650E-013
2.369,-4.52560E-013
2.37,-4.52460E-013
2.371,-4.52370E-013
2.372,-4.52270E-013
2.373,-4.52180E-013
2.374,-4.52080E-013
2.375,-4.51990E-013
2.376,-4.51890E-013
2.377,-4.51800E-013
2.378,-4.51700E-013
2.379,-4.51610E-013
2.38,-4.51510E-013
2.381,-4.51420E-013
2.382,-4.51320E-013
2.383,-4.51230E-013
2.384,-4.51120E-013
2.385,-4.51030E-013
2.386,-4.50930E-013
2.387,-4.50840E-013
2.388,-4.50740E-013
2.389,-4.50650E-013
2.39,-4.50550E-013
2.391,-4.50460E-013
2.392,-4.50370E-013
2.393,-4.50270E-013
2.394,-4.50180E-013
2.395,-4.50080E-013
2.396,-4.49990E-013
2.397,-4.49890E-013
2.398,-4.49800E-013
2.399,-4.49710E-013
2.4,-4.49610E-013
2.401,-4.49520E-013
2.402,-4.49420E-013
2.403,-4.49330E-013
2.404,-4.49240E-013
2.405,-4.49140E-013
2.406,-4.49050E-013
2.407,-4.48960E-013
2.408,-4.48860E-013
2.409,-4.48770E-013
2.41,-4.48670E-013
2.411,-4.48580E-013
2.412,-4.48490E-013
2.413,-4.48390E-013
2.414,-4.48300E-013
2.415,-4.48210E-013
2.416,-4.48110E-013
2.417,-4.48020E-013
2.418,-4.47930E-013
2.419,-4.47830E-013
2.42,-4.47740E-013
2.421,-4.47650E-013
2.422,-4.47550E-013
2.423,-4.47460E-013
2.424,-4.47360E-013
2.425,-4.47260E-013
2.426,-4.47170E-013
2.427,-4.47080E-013
2.428,-4.46980E-013
2.429,-4.46890E-013
2.43,-4.46800E-013
2.431,-4.46710E-013
2.432,-4.46610E-013
2.433,-4.46520E-013
2.434,-4.46430E-013
2.435,-4.46340E-013
2.436,-4.46240E-013
2.437,-4.46150E-013
2.438,-4.46060E-013
2.439,-4.45970E-013
2.44,-4.45870E-013
2.441,-4.45780E-013
2.442,-4.45690E-013
2.443,-4.45600E-013
2.444,-4.45500E-013
2.445,-4.45410E-013
2.446,-4.45320E-013
2.447,-4.45230E-013
2.448,-4.45140E-013
2.449,-4.45040E-013
2.45,-4.44950E-013
2.451,-4.44860E-013
2.452,-4.44770E-013
2.453,-4.44680E-013
2.454,-4.44580E-013
2.455,-4.44490E-013
2.456,-4.44400E-013
2.457,-4.44310E-013
2.458,-4.44220E-013
2.459,-4.44130E-013
2.46,-4.44030E-013
2.461,-4.43940E-013
2.462,-4.43850E-013
2.463,-4.43760E-013
2.464,-4.43670E-013
2.465,-4.43580E-013
2.466,-4.43490E-013
2.467,-4.43390E-013
2.468,-4.43300E-013
2.469,-4.43210E-013
2.47,-4.43120E-013
2.471,-4.43030E-013
2.472,-4.42940E-013
2.473,-4.42850E-013
2.474,-4.42760E-013
2.475,-4.42670E-013
2.476,-4.42570E-013
2.477,-4.42480E-013
2.478,-4.42390E-013
2.479,-4.42300E-013
2.48,-4.42210E-013
2.481,-4.42120E-013
2.482,-4.42030E-013
2.483,-4.41940E-013
2.484,-4.41850E-013
2.485,-4.41760E-013
2.486,-4.41670E-013
2.487,-4.41580E-013
2.488,-4.41490E-013
2.489,-4.41400E-013
2.49,-4.41310E-013
2.491,-4.41220E-013
2.492,-4.41130E-013
2.493,-4.41040E-013
2.494,-4.40940E-013
2.495,-4.40850E-013
2.496,-4.40760E-013
2.497,-4.40670E-013
2.498,-4.40580E-013
2.499,-4.40490E-013
2.5,-4.40400E-013
2.501,-4.40310E-013
2.502,-4.40220E-013
2.503,-4.40130E-013
2.504,-4.40040E-013
2.505,-4.39950E-013
2.506,-4.39870E-013
2.507,-4.39780E-013
2.508,-4.39690E-013
2.509,-4.39600E-013
2.51,-4.39510E-013
2.511,-4.39420E-013
2.512,-4.39330E-013
2.513,-4.39240E-013
2.514,-4.39150E-013
2.515,-4.39060E-013
2.516,-4.38970E-013
2.517,-4.38880E-013
2.518,-4.38790E-013
2.519,-4.38700E-013
2.52,-4.38610E-013
2.521,-4.38520E-013
2.522,-4.38430E-013
2.523,-4.38350E-013
2.524,-4.38260E-013
2.525,-4.38170E-013
2.526,-4.38080E-013
2.527,-4.37990E-013
2.528,-4.37900E-013
2.529,-4.37810E-013
2.53,-4.37720E-013
2.531,-4.37630E-013
2.532,-4.37550E-013
2.533,-4.37460E-013
2.534,-4.37370E-013
2.535,-4.37280E-013
2.536,-4.37190E-013
2.537,-4.37100E-013
2.538,-4.37010E-013
2.539,-4.36920E-013
2.54,-4.36840E-013
2.541,-4.36750E-013
2.542,-4.36660E-013
2.543,-4.36570E-013
2.544,-4.36480E-013
2.545,-4.36390E-013
2.546,-4.36310E-013
2.547,-4.36220E-013
2.548,-4.36130E-013
2.549,-4.36040E-013
2.55,-4.35950E-013
2.551,-4.35870E-013
2.552,-4.35780E-013
2.553,-4.35690E-013
2.554,-4.35600E-013
2.555,-4.35510E-013
2.556,-4.35430E-013
2.557,-4.35340E-013
2.558,-4.35260E-013
2.559,-4.35170E-013
2.56,-4.35080E-013
2.561,-4.34990E-013
2.562,-4.34910E-013
2.563,-4.34820E-013
2.564,-4.34730E-013
2.565,-4.34640E-013
2.566,-4.34560E-013
2.567,-4.34470E-013
2.568,-4.34380E-013
2.569,-4.34290E-013
2.57,-4.34210E-013
2.571,-4.34120E-013
2.572,-4.34030E-013
2.573,-4.33940E-013
2.574,-4.33860E-013
2.575,-4.33770E-013
2.576,-4.33680E-013
2.577,-4.33590E-013
2.578,-4.33510E-013
2.579,-4.33420E-013
2.58,-4.33330E-013
2.581,-4.33250E-013
2.582,-4.33160E-013
2.583,-4.33070E-013
2.584,-4.32990E-013
2.585,-4.32900E-013
2.586,-4.32810E-013
2.587,-4.32730E-013
2.588,-4.32640E-013
2.589,-4.32550E-013
2.59,-4.32470E-013
2.591,-4.32380E-013
2.592,-4.32290E-013
2.593,-4.32210E-013
2.594,-4.32120E-013
2.595,-4.32030E-013
2.596,-4.31950E-013
2.597,-4.31860E-013
2.598,-4.31770E-013
2.599,-4.31690E-013
2.6,-4.31600E-013
2.601,-4.31520E-013
2.602,-4.31430E-013
2.603,-4.31340E-013
2.604,-4.31260E-013
2.605,-4.31170E-013
2.606,-4.31080E-013
2.607,-4.31000E-013
2.608,-4.30910E-013
2.609,-4.30830E-013
2.61,-4.30740E-013
2.611,-4.30650E-013
2.612,-4.30570E-013
2.613,-4.30480E-013
2.614,-4.30400E-013
2.615,-4.30310E-013
2.616,-4.30230E-013
2.617,-4.30140E-013
2.618,-4.30050E-013
2.619,-4.29970E-013
2.62,-4.29880E-013
2.621,-4.29800E-013
2.622,-4.29710E-013
2.623,-4.29630E-013
2.624,-4.29540E-013
2.625,-4.29460E-013
2.626,-4.29370E-013
2.627,-4.29290E-013
2.628,-4.29200E-013
2.629,-4.29110E-013
2.63,-4.29030E-013
2.631,-4.28940E-013
2.632,-4.28860E-013
2.633,-4.28770E-013
2.634,-4.28690E-013
2.635,-4.28600E-013
2.636,-4.28520E-013
2.637,-4.28430E-013
2.638,-4.28350E-013
2.639,-4.28260E-013
2.64,-4.28180E-013
2.641,-4.28090E-013
2.642,-4.28010E-013
2.643,-4.27930E-013
2.644,-4.27840E-013
2.645,-4.27760E-013
2.646,-4.27670E-013
2.647,-4.27590E-013
2.648,-4.27500E-013
2.649,-4.27420E-013
2.65,-4.27330E-013
2.651,-4.27250E-013
2.652,-4.27160E-013
2.653,-4.27080E-013
2.654,-4.26990E-013
2.655,-4.26910E-013
2.656,-4.26830E-013
2.657,-4.26740E-013
2.658,-4.26660E-013
2.659,-4.26570E-013
2.66,-4.26490E-013
2.661,-4.26410E-013
2.662,-4.26320E-013
2.663,-4.26240E-013
2.664,-4.26150E-013
2.665,-4.26070E-013
2.666,-4.25980E-013
2.667,-4.25900E-013
2.668,-4.25820E-013
2.669,-4.25730E-013
2.67,-4.25650E-013
2.671,-4.25570E-013
2.672,-4.25480E-013
2.673,-4.25400E-013
2.674,-4.25310E-013
2.675,-4.25230E-013
2.676,-4.25150E-013
2.677,-4.25060E-013
2.678,-4.24980E-013
2.679,-4.24900E-013
2.68,-4.24810E-013
2.681,-4.24730E-013
2.682,-4.24650E-013
2.683,-4.24560E-013
2.684,-4.24480E-013
2.685,-4.24400E-013
2.686,-4.24310E-013
2.687,-4.24230E-013
2.688,-4.24150E-013
2.689,-4.24060E-013
2.69,-4.23980E-013
2.691,-4.23900E-013
2.692,-4.23810E-013
2.693,-4.23730E-013
2.694,-4.23650E-013
2.695,-4.23560E-013
2.696,-4.23480E-013
2.697,-4.23400E-013
2.698,-4.23320E-013
2.699,-4.23230E-013
2.7,-4.23150E-013
2.701,-4.23070E-013
2.702,-4.22980E-013
2.703,-4.22900E-013
2.704,-4.22820E-013
2.705,-4.22740E-013
2.706,-4.22650E-013
2.707,-4.22570E-013
2.708,-4.22490E-013
2.709,-4.22410E-013
2.71,-4.22320E-013
2.711,-4.22240E-013
2.712,-4.22160E-013
2.713,-4.22080E-013
2.714,-4.21990E-013
2.715,-4.21910E-013
2.716,-4.21830E-013
2.717,-4.21750E-013
2.718,-4.21660E-013
2.719,-4.21580E-013
2.72,-4.21500E-013
2.721,-4.21420E-013
2.722,-4.21340E-013
2.723,-4.21250E-013
2.724,-4.21170E-013
2.725,-4.21090E-013
2.726,-4.21010E-013
2.727,-4.20930E-013
2.728,-4.20840E-013
2.729,-4.20760E-013
2.73,-4.20680E-013
2.731,-4.20600E-013
2.732,-4.20520E-013
2.733,-4.20430E-013
2.734,-4.20340E-013
2.735,-4.20260E-013
2.736,-4.20180E-013
2.737,-4.20100E-013
2.738,-4.20020E-013
2.739,-4.19930E-013
2.74,-4.19850E-013
2.741,-4.19770E-013
2.742,-4.19690E-013
2.743,-4.19610E-013
2.744,-4.19530E-013
2.745,-4.19450E-013
2.746,-4.19360E-013
2.747,-4.19280E-013
2.748,-4.19200E-013
2.749,-4.19120E-013
2.75,-4.19040E-013
2.751,-4.18960E-013
2.752,-4.18880E-013
2.753,-4.18800E-013
2.754,-4.18710E-013
2.755,-4.18630E-013
2.756,-4.18550E-013
2.757,-4.18470E-013
2.758,-4.18390E-013
2.759,-4.18310E-013
2.76,-4.18230E-013
2.761,-4.18150E-013
2.762,-4.18070E-013
2.763,-4.17990E-013
2.764,-4.17910E-013
2.765,-4.17820E-013
2.766,-4.17740E-013
2.767,-4.17660E-013
2.768,-4.17580E-013
2.769,-4.17500E-013
2.77,-4.17420E-013
2.771,-4.17340E-013
2.772,-4.17260E-013
2.773,-4.17180E-013
2.774,-4.17100E-013
2.775,-4.17020E-013
2.776,-4.16940E-013
2.777,-4.16860E-013
2.778,-4.16780E-013
2.779,-4.16700E-013
2.78,-4.16620E-013
2.781,-4.16540E-013
2.782,-4.16460E-013
2.783,-4.16380E-013
2.784,-4.16300E-013
2.785,-4.16220E-013
2.786,-4.16140E-013
2.787,-4.16060E-013
2.788,-4.15980E-013
2.789,-4.15900E-013
2.79,-4.15820E-013
2.791,-4.15740E-013
2.792,-4.15660E-013
2.793,-4.15580E-013
2.794,-4.15500E-013
2.795,-4.15420E-013
2.796,-4.15340E-013
2.797,-4.15260E-013
2.798,-4.15180E-013
2.799,-4.15100E-013
2.8,-4.15020E-013
2.801,-4.14940E-013
2.802,-4.14860E-013
2.803,-4.14780E-013
2.804,-4.14700E-013
2.805,-4.14620E-013
2.806,-4.14540E-013
2.807,-4.14470E-013
2.808,-4.14390E-013
2.809,-4.14310E-013
2.81,-4.14230E-013
2.811,-4.14150E-013
2.812,-4.14070E-013
2.813,-4.13990E-013
2.814,-4.13910E-013
2.815,-4.13830E-013
2.816,-4.13750E-013
2.817,-4.13670E-013
2.818,-4.13590E-013
2.819,-4.13510E-013
2.82,-4.13430E-013
2.821,-4.13360E-013
2.822,-4.13280E-013
2.823,-4.13200E-013
2.824,-4.13120E-013
2.825,-4.13040E-013
2.826,-4.12960E-013
2.827,-4.12880E-013
2.828,-4.12800E-013
2.829,-4.12720E-013
2.83,-4.12650E-013
2.831,-4.12570E-013
2.832,-4.12490E-013
2.833,-4.12410E-013
2.834,-4.12330E-013
2.835,-4.12250E-013
2.836,-4.12170E-013
2.837,-4.12100E-013
2.838,-4.12020E-013
2.839,-4.11940E-013
2.84,-4.11860E-013
2.841,-4.11780E-013
2.842,-4.11700E-013
2.843,-4.11630E-013
2.844,-4.11550E-013
2.845,-4.11470E-013
2.846,-4.11390E-013
2.847,-4.11310E-013
2.848,-4.11230E-013
2.849,-4.11160E-013
2.85,-4.11080E-013
2.851,-4.11000E-013
2.852,-4.10920E-013
2.853,-4.10840E-013
2.854,-4.10770E-013
2.855,-4.10690E-013
2.856,-4.10610E-013
2.857,-4.10530E-013
2.858,-4.10450E-013
2.859,-4.10380E-013
2.86,-4.10300E-013
2.861,-4.10220E-013
2.862,-4.10140E-013
2.863,-4.10060E-013
2.864,-4.09990E-013
2.865,-4.09910E-013
2.866,-4.09830E-013
2.867,-4.09750E-013
2.868,-4.09680E-013
2.869,-4.09600E-013
2.87,-4.09520E-013
2.871,-4.09440E-013
2.872,-4.09370E-013
2.873,-4.09290E-013
2.874,-4.09210E-013
2.875,-4.09130E-013
2.876,-4.09060E-013
2.877,-4.08980E-013
2.878,-4.08900E-013
2.879,-4.08820E-013
2.88,-4.08750E-013
2.881,-4.08670E-013
2.882,-4.08590E-013
2.883,-4.08520E-013
2.884,-4.08440E-013
2.885,-4.08360E-013
2.886,-4.08280E-013
2.887,-4.08210E-013
2.888,-4.08130E-013
2.889,-4.08050E-013
2.89,-4.07980E-013
2.891,-4.07900E-013
2.892,-4.07820E-013
2.893,-4.07740E-013
2.894,-4.07670E-013
2.895,-4.07590E-013
2.896,-4.07510E-013
2.897,-4.07440E-013
2.898,-4.07360E-013
2.899,-4.07280E-013
2.9,-4.07210E-013
2.901,-4.07130E-013
2.902,-4.07050E-013
2.903,-4.06980E-013
2.904,-4.06900E-013
2.905,-4.06820E-013
2.906,-4.06750E-013
2.907,-4.06670E-013
2.908,-4.06590E-013
2.909,-4.06520E-013
2.91,-4.06440E-013
2.911,-4.06370E-013
2.912,-4.06290E-013
2.913,-4.06210E-013
2.914,-4.06140E-013
2.915,-4.06060E-013
2.916,-4.05980E-013
2.917,-4.05910E-013
2.918,-4.05830E-013
2.919,-4.05760E-013
2.92,-4.05680E-013
2.921,-4.05600E-013
2.922,-4.05530E-013
2.923,-4.05450E-013
2.924,-4.05380E-013
2.925,-4.05300E-013
2.926,-4.05220E-013
2.927,-4.05150E-013
2.928,-4.05070E-013
2.929,-4.05000E-013
2.93,-4.04920E-013
2.931,-4.04840E-013
2.932,-4.04770E-013
2.933,-4.04690E-013
2.934,-4.04620E-013
2.935,-4.04540E-013
2.936,-4.04470E-013
2.937,-4.04390E-013
2.938,-4.04310E-013
2.939,-4.04240E-013
2.94,-4.04160E-013
2.941,-4.04090E-013
2.942,-4.04010E-013
2.943,-4.03940E-013
2.944,-4.03860E-013
2.945,-4.03790E-013
2.946,-4.03710E-013
2.947,-4.03630E-013
2.948,-4.03560E-013
2.949,-4.03480E-013
2.95,-4.03410E-013
2.951,-4.03330E-013
2.952,-4.03260E-013
2.953,-4.03180E-013
2.954,-4.03110E-013
2.955,-4.03030E-013
2.956,-4.02960E-013
2.957,-4.02880E-013
2.958,-4.02810E-013
2.959,-4.02730E-013
2.96,-4.02660E-013
2.961,-4.02580E-013
2.962,-4.02510E-013
2.963,-4.02430E-013
2.964,-4.02360E-013
2.965,-4.02280E-013
2.966,-4.02210E-013
2.967,-4.02130E-013
2.968,-4.02060E-013
2.969,-4.01980E-013
2.97,-4.01910E-013
2.971,-4.01830E-013
2.972,-4.01760E-013
2.973,-4.01680E-013
2.974,-4.01610E-013
2.975,-4.01530E-013
2.976,-4.01460E-013
2.977,-4.01380E-013
2.978,-4.01310E-013
2.979,-4.01240E-013
2.98,-4.01160E-013
2.981,-4.01090E-013
2.982,-4.01010E-013
2.983,-4.00940E-013
2.984,-4.00860E-013
2.985,-4.00790E-013
2.986,-4.00710E-013
2.987,-4.00640E-013
2.988,-4.00570E-013
2.989,-4.00490E-013
2.99,-4.00420E-013
2.991,-4.00340E-013
2.992,-4.00270E-013
2.993,-4.00190E-013
2.994,-4.00120E-013
2.995,-4.00050E-013
2.996,-3.99970E-013
2.997,-3.99900E-013
2.998,-3.99820E-013
2.999,-3.99750E-013
3,-3.99680E-013
