
0.001,-2.10370E-012
0.002,-1.94950E-012
0.003,-1.85930E-012
0.004,-1.79540E-012
0.005,-1.74570E-012
0.006,-1.70520E-012
0.007,-1.67090E-012
0.008,-1.64130E-012
0.009,-1.61510E-012
0.01,-1.59170E-012
0.011,-1.57050E-012
0.012,-1.55120E-012
0.013,-1.53340E-012
0.014,-1.51690E-012
0.015,-1.50160E-012
0.016,-1.48730E-012
0.017,-1.47380E-012
0.018,-1.46110E-012
0.019,-1.44910E-012
0.02,-1.43770E-012
0.021,-1.42690E-012
0.022,-1.41660E-012
0.023,-1.40670E-012
0.024,-1.39730E-012
0.025,-1.38820E-012
0.026,-1.37950E-012
0.027,-1.37120E-012
0.028,-1.36310E-012
0.029,-1.35530E-012
0.03,-1.34780E-012
0.031,-1.34050E-012
0.032,-1.33350E-012
0.033,-1.32670E-012
0.034,-1.32010E-012
0.035,-1.31360E-012
0.036,-1.30740E-012
0.037,-1.30130E-012
0.038,-1.29540E-012
0.039,-1.28970E-012
0.04,-1.28410E-012
0.041,-1.27860E-012
0.042,-1.27330E-012
0.043,-1.26810E-012
0.044,-1.26300E-012
0.045,-1.25800E-012
0.046,-1.25310E-012
0.047,-1.24840E-012
0.048,-1.24370E-012
0.049,-1.23910E-012
0.05,-1.23470E-012
0.051,-1.23030E-012
0.052,-1.22600E-012
0.053,-1.22180E-012
0.054,-1.21770E-012
0.055,-1.21360E-012
0.056,-1.20960E-012
0.057,-1.20570E-012
0.058,-1.20190E-012
0.059,-1.19810E-012
0.06,-1.19440E-012
0.061,-1.19070E-012
0.062,-1.18710E-012
0.063,-1.18360E-012
0.064,-1.18010E-012
0.065,-1.17670E-012
0.066,-1.17330E-012
0.067,-1.17000E-012
0.068,-1.16670E-012
0.069,-1.16350E-012
0.07,-1.16030E-012
0.071,-1.15720E-012
0.072,-1.15410E-012
0.073,-1.15100E-012
0.074,-1.14800E-012
0.075,-1.14510E-012
0.076,-1.14220E-012
0.077,-1.13930E-012
0.078,-1.13640E-012
0.079,-1.13360E-012
0.08,-1.13080E-012
0.081,-1.12810E-012
0.082,-1.12540E-012
0.083,-1.12270E-012
0.084,-1.12010E-012
0.085,-1.11750E-012
0.086,-1.11490E-012
0.087,-1.11230E-012
0.088,-1.10980E-012
0.089,-1.10730E-012
0.09,-1.10490E-012
0.091,-1.10240E-012
0.092,-1.10000E-012
0.093,-1.09760E-012
0.094,-1.09530E-012
0.095,-1.09290E-012
0.096,-1.09060E-012
0.097,-1.08840E-012
0.098,-1.08610E-012
0.099,-1.08390E-012
0.1,-1.08160E-012
0.101,-1.07940E-012
0.102,-1.07730E-012
0.103,-1.07510E-012
0.104,-1.07300E-012
0.105,-1.07090E-012
0.106,-1.06880E-012
0.107,-1.06670E-012
0.108,-1.06470E-012
0.109,-1.06270E-012
0.11,-1.06070E-012
0.111,-1.05870E-012
0.112,-1.05670E-012
0.113,-1.05470E-012
0.114,-1.05280E-012
0.115,-1.05090E-012
0.116,-1.04900E-012
0.117,-1.04710E-012
0.118,-1.04520E-012
0.119,-1.04340E-012
0.12,-1.04150E-012
0.121,-1.03970E-012
0.122,-1.03790E-012
0.123,-1.03610E-012
0.124,-1.03430E-012
0.125,-1.03250E-012
0.126,-1.03080E-012
0.127,-1.02910E-012
0.128,-1.02730E-012
0.129,-1.02560E-012
0.13,-1.02390E-012
0.131,-1.02220E-012
0.132,-1.02060E-012
0.133,-1.01890E-012
0.134,-1.01730E-012
0.135,-1.01560E-012
0.136,-1.01400E-012
0.137,-1.01240E-012
0.138,-1.01080E-012
0.139,-1.00920E-012
0.14,-1.00760E-012
0.141,-1.00610E-012
0.142,-1.00450E-012
0.143,-1.00300E-012
0.144,-1.00150E-012
0.145,-9.99940E-013
0.146,-9.98430E-013
0.147,-9.96930E-013
0.148,-9.95440E-013
0.149,-9.93970E-013
0.15,-9.92500E-013
0.151,-9.91040E-013
0.152,-9.89590E-013
0.153,-9.88160E-013
0.154,-9.86730E-013
0.155,-9.85310E-013
0.156,-9.83900E-013
0.157,-9.82500E-013
0.158,-9.81100E-013
0.159,-9.79720E-013
0.16,-9.78350E-013
0.161,-9.76980E-013
0.162,-9.75620E-013
0.163,-9.74270E-013
0.164,-9.72930E-013
0.165,-9.71600E-013
0.166,-9.70280E-013
0.167,-9.68960E-013
0.168,-9.67650E-013
0.169,-9.66350E-013
0.17,-9.65060E-013
0.171,-9.63770E-013
0.172,-9.62500E-013
0.173,-9.61230E-013
0.174,-9.59960E-013
0.175,-9.58710E-013
0.176,-9.57460E-013
0.177,-9.56220E-013
0.178,-9.54990E-013
0.179,-9.53760E-013
0.18,-9.52540E-013
0.181,-9.51330E-013
0.182,-9.50120E-013
0.183,-9.48920E-013
0.184,-9.47730E-013
0.185,-9.46540E-013
0.186,-9.45360E-013
0.187,-9.44190E-013
0.188,-9.43020E-013
0.189,-9.41860E-013
0.19,-9.40710E-013
0.191,-9.39560E-013
0.192,-9.38420E-013
0.193,-9.37280E-013
0.194,-9.36150E-013
0.195,-9.35030E-013
0.196,-9.33910E-013
0.197,-9.32790E-013
0.198,-9.31690E-013
0.199,-9.30590E-013
0.2,-9.29490E-013
0.201,-9.28400E-013
0.202,-9.27320E-013
0.203,-9.26240E-013
0.204,-9.25160E-013
0.205,-9.24090E-013
0.206,-9.23030E-013
0.207,-9.21970E-013
0.208,-9.20920E-013
0.209,-9.19870E-013
0.21,-9.18830E-013
0.211,-9.17790E-013
0.212,-9.16760E-013
0.213,-9.15730E-013
0.214,-9.14710E-013
0.215,-9.13690E-013
0.216,-9.12670E-013
0.217,-9.11670E-013
0.218,-9.10660E-013
0.219,-9.09660E-013
0.22,-9.08670E-013
0.221,-9.07680E-013
0.222,-9.06690E-013
0.223,-9.05710E-013
0.224,-9.04730E-013
0.225,-9.03760E-013
0.226,-9.02790E-013
0.227,-9.01830E-013
0.228,-9.00870E-013
0.229,-8.99920E-013
0.23,-8.98970E-013
0.231,-8.98020E-013
0.232,-8.97080E-013
0.233,-8.96140E-013
0.234,-8.95200E-013
0.235,-8.94270E-013
0.236,-8.93350E-013
0.237,-8.92430E-013
0.238,-8.91510E-013
0.239,-8.90590E-013
0.24,-8.89680E-013
0.241,-8.88780E-013
0.242,-8.87870E-013
0.243,-8.86980E-013
0.244,-8.86080E-013
0.245,-8.85190E-013
0.246,-8.84300E-013
0.247,-8.83420E-013
0.248,-8.82540E-013
0.249,-8.81660E-013
0.25,-8.80780E-013
0.251,-8.79920E-013
0.252,-8.79050E-013
0.253,-8.78190E-013
0.254,-8.77330E-013
0.255,-8.76470E-013
0.256,-8.75620E-013
0.257,-8.74770E-013
0.258,-8.73920E-013
0.259,-8.73080E-013
0.26,-8.72240E-013
0.261,-8.71400E-013
0.262,-8.70570E-013
0.263,-8.69740E-013
0.264,-8.68920E-013
0.265,-8.68090E-013
0.266,-8.67270E-013
0.267,-8.66460E-013
0.268,-8.65640E-013
0.269,-8.64830E-013
0.27,-8.64030E-013
0.271,-8.63220E-013
0.272,-8.62420E-013
0.273,-8.61620E-013
0.274,-8.60830E-013
0.275,-8.60030E-013
0.276,-8.59240E-013
0.277,-8.58460E-013
0.278,-8.57670E-013
0.279,-8.56890E-013
0.28,-8.56120E-013
0.281,-8.55340E-013
0.282,-8.54570E-013
0.283,-8.53800E-013
0.284,-8.53030E-013
0.285,-8.52270E-013
0.286,-8.51500E-013
0.287,-8.50740E-013
0.288,-8.49990E-013
0.289,-8.49230E-013
0.29,-8.48490E-013
0.291,-8.47740E-013
0.292,-8.46990E-013
0.293,-8.46250E-013
0.294,-8.45510E-013
0.295,-8.44770E-013
0.296,-8.44030E-013
0.297,-8.43300E-013
0.298,-8.42570E-013
0.299,-8.41840E-013
0.3,-8.41120E-013
0.301,-8.40390E-013
0.302,-8.39670E-013
0.303,-8.38960E-013
0.304,-8.38240E-013
0.305,-8.37530E-013
0.306,-8.36820E-013
0.307,-8.36110E-013
0.308,-8.35400E-013
0.309,-8.34700E-013
0.31,-8.34000E-013
0.311,-8.33300E-013
0.312,-8.32600E-013
0.313,-8.31910E-013
0.314,-8.31210E-013
0.315,-8.30520E-013
0.316,-8.29830E-013
0.317,-8.29150E-013
0.318,-8.28470E-013
0.319,-8.27790E-013
0.32,-8.27110E-013
0.321,-8.26430E-013
0.322,-8.25750E-013
0.323,-8.25080E-013
0.324,-8.24410E-013
0.325,-8.23740E-013
0.326,-8.23080E-013
0.327,-8.22410E-013
0.328,-8.21750E-013
0.329,-8.21090E-013
0.33,-8.20430E-013
0.331,-8.19770E-013
0.332,-8.19120E-013
0.333,-8.18470E-013
0.334,-8.17820E-013
0.335,-8.17170E-013
0.336,-8.16520E-013
0.337,-8.15880E-013
0.338,-8.15240E-013
0.339,-8.14600E-013
0.34,-8.13960E-013
0.341,-8.13330E-013
0.342,-8.12690E-013
0.343,-8.12060E-013
0.344,-8.11430E-013
0.345,-8.10800E-013
0.346,-8.10170E-013
0.347,-8.09550E-013
0.348,-8.08920E-013
0.349,-8.08300E-013
0.35,-8.07680E-013
0.351,-8.07060E-013
0.352,-8.06450E-013
0.353,-8.05830E-013
0.354,-8.05220E-013
0.355,-8.04610E-013
0.356,-8.04000E-013
0.357,-8.03390E-013
0.358,-8.02790E-013
0.359,-8.02180E-013
0.36,-8.01580E-013
0.361,-8.00980E-013
0.362,-8.00380E-013
0.363,-7.99780E-013
0.364,-7.99190E-013
0.365,-7.98600E-013
0.366,-7.98000E-013
0.367,-7.97410E-013
0.368,-7.96820E-013
0.369,-7.96240E-013
0.37,-7.95650E-013
0.371,-7.95070E-013
0.372,-7.94490E-013
0.373,-7.93900E-013
0.374,-7.93330E-013
0.375,-7.92750E-013
0.376,-7.92170E-013
0.377,-7.91600E-013
0.378,-7.91020E-013
0.379,-7.90450E-013
0.38,-7.89880E-013
0.381,-7.89320E-013
0.382,-7.88750E-013
0.383,-7.88180E-013
0.384,-7.87620E-013
0.385,-7.87060E-013
0.386,-7.86500E-013
0.387,-7.85940E-013
0.388,-7.85380E-013
0.389,-7.84820E-013
0.39,-7.84270E-013
0.391,-7.83720E-013
0.392,-7.83160E-013
0.393,-7.82610E-013
0.394,-7.82060E-013
0.395,-7.81520E-013
0.396,-7.80970E-013
0.397,-7.80420E-013
0.398,-7.79880E-013
0.399,-7.79340E-013
0.4,-7.78800E-013
0.401,-7.78260E-013
0.402,-7.77720E-013
0.403,-7.77180E-013
0.404,-7.76650E-013
0.405,-7.76120E-013
0.406,-7.75580E-013
0.407,-7.75050E-013
0.408,-7.74520E-013
0.409,-7.73990E-013
0.41,-7.73470E-013
0.411,-7.72940E-013
0.412,-7.72420E-013
0.413,-7.71890E-013
0.414,-7.71370E-013
0.415,-7.70850E-013
0.416,-7.70330E-013
0.417,-7.69810E-013
0.418,-7.69290E-013
0.419,-7.68780E-013
0.42,-7.68260E-013
0.421,-7.67750E-013
0.422,-7.67240E-013
0.423,-7.66730E-013
0.424,-7.66220E-013
0.425,-7.65710E-013
0.426,-7.65210E-013
0.427,-7.64700E-013
0.428,-7.64190E-013
0.429,-7.63690E-013
0.43,-7.63190E-013
0.431,-7.62690E-013
0.432,-7.62190E-013
0.433,-7.61690E-013
0.434,-7.61200E-013
0.435,-7.60700E-013
0.436,-7.60200E-013
0.437,-7.59710E-013
0.438,-7.59220E-013
0.439,-7.58730E-013
0.44,-7.58240E-013
0.441,-7.57750E-013
0.442,-7.57260E-013
0.443,-7.56770E-013
0.444,-7.56290E-013
0.445,-7.55800E-013
0.446,-7.55320E-013
0.447,-7.54830E-013
0.448,-7.54350E-013
0.449,-7.53870E-013
0.45,-7.53390E-013
0.451,-7.52920E-013
0.452,-7.52440E-013
0.453,-7.51960E-013
0.454,-7.51490E-013
0.455,-7.51010E-013
0.456,-7.50540E-013
0.457,-7.50070E-013
0.458,-7.49600E-013
0.459,-7.49130E-013
0.46,-7.48660E-013
0.461,-7.48190E-013
0.462,-7.47720E-013
0.463,-7.47260E-013
0.464,-7.46790E-013
0.465,-7.46330E-013
0.466,-7.45870E-013
0.467,-7.45410E-013
0.468,-7.44950E-013
0.469,-7.44490E-013
0.47,-7.44030E-013
0.471,-7.43570E-013
0.472,-7.43120E-013
0.473,-7.42660E-013
0.474,-7.42210E-013
0.475,-7.41760E-013
0.476,-7.41300E-013
0.477,-7.40850E-013
0.478,-7.40400E-013
0.479,-7.39950E-013
0.48,-7.39500E-013
0.481,-7.39060E-013
0.482,-7.38610E-013
0.483,-7.38160E-013
0.484,-7.37720E-013
0.485,-7.37270E-013
0.486,-7.36830E-013
0.487,-7.36390E-013
0.488,-7.35950E-013
0.489,-7.35510E-013
0.49,-7.35070E-013
0.491,-7.34630E-013
0.492,-7.34190E-013
0.493,-7.33760E-013
0.494,-7.33320E-013
0.495,-7.32890E-013
0.496,-7.32450E-013
0.497,-7.32020E-013
0.498,-7.31590E-013
0.499,-7.31160E-013
0.5,-7.30730E-013
0.501,-7.30300E-013
0.502,-7.29870E-013
0.503,-7.29440E-013
0.504,-7.29020E-013
0.505,-7.28590E-013
0.506,-7.28160E-013
0.507,-7.27740E-013
0.508,-7.27320E-013
0.509,-7.26900E-013
0.51,-7.26470E-013
0.511,-7.26050E-013
0.512,-7.25630E-013
0.513,-7.25210E-013
0.514,-7.24800E-013
0.515,-7.24380E-013
0.516,-7.23960E-013
0.517,-7.23550E-013
0.518,-7.23130E-013
0.519,-7.22720E-013
0.52,-7.22310E-013
0.521,-7.21890E-013
0.522,-7.21480E-013
0.523,-7.21070E-013
0.524,-7.20660E-013
0.525,-7.20250E-013
0.526,-7.19850E-013
0.527,-7.19440E-013
0.528,-7.19030E-013
0.529,-7.18620E-013
0.53,-7.18220E-013
0.531,-7.17820E-013
0.532,-7.17410E-013
0.533,-7.17010E-013
0.534,-7.16610E-013
0.535,-7.16210E-013
0.536,-7.15810E-013
0.537,-7.15410E-013
0.538,-7.15010E-013
0.539,-7.14610E-013
0.54,-7.14210E-013
0.541,-7.13810E-013
0.542,-7.13420E-013
0.543,-7.13020E-013
0.544,-7.12630E-013
0.545,-7.12240E-013
0.546,-7.11840E-013
0.547,-7.11450E-013
0.548,-7.11060E-013
0.549,-7.10670E-013
0.55,-7.10280E-013
0.551,-7.09890E-013
0.552,-7.09500E-013
0.553,-7.09110E-013
0.554,-7.08720E-013
0.555,-7.08340E-013
0.556,-7.07950E-013
0.557,-7.07570E-013
0.558,-7.07180E-013
0.559,-7.06800E-013
0.56,-7.06420E-013
0.561,-7.06030E-013
0.562,-7.05650E-013
0.563,-7.05270E-013
0.564,-7.04890E-013
0.565,-7.04510E-013
0.566,-7.04130E-013
0.567,-7.03760E-013
0.568,-7.03380E-013
0.569,-7.03000E-013
0.57,-7.02630E-013
0.571,-7.02250E-013
0.572,-7.01880E-013
0.573,-7.01500E-013
0.574,-7.01130E-013
0.575,-7.00760E-013
0.576,-7.00390E-013
0.577,-7.00010E-013
0.578,-6.99640E-013
0.579,-6.99270E-013
0.58,-6.98900E-013
0.581,-6.98540E-013
0.582,-6.98170E-013
0.583,-6.97800E-013
0.584,-6.97430E-013
0.585,-6.97070E-013
0.586,-6.96700E-013
0.587,-6.96340E-013
0.588,-6.95970E-013
0.589,-6.95610E-013
0.59,-6.95250E-013
0.591,-6.94890E-013
0.592,-6.94520E-013
0.593,-6.94160E-013
0.594,-6.93800E-013
0.595,-6.93440E-013
0.596,-6.93080E-013
0.597,-6.92730E-013
0.598,-6.92370E-013
0.599,-6.92010E-013
0.6,-6.91650E-013
0.601,-6.91300E-013
0.602,-6.90940E-013
0.603,-6.90590E-013
0.604,-6.90230E-013
0.605,-6.89880E-013
0.606,-6.89530E-013
0.607,-6.89170E-013
0.608,-6.88820E-013
0.609,-6.88470E-013
0.61,-6.88120E-013
0.611,-6.87770E-013
0.612,-6.87420E-013
0.613,-6.87070E-013
0.614,-6.86720E-013
0.615,-6.86380E-013
0.616,-6.86030E-013
0.617,-6.85680E-013
0.618,-6.85340E-013
0.619,-6.84990E-013
0.62,-6.84650E-013
0.621,-6.84300E-013
0.622,-6.83960E-013
0.623,-6.83620E-013
0.624,-6.83270E-013
0.625,-6.82930E-013
0.626,-6.82590E-013
0.627,-6.82250E-013
0.628,-6.81910E-013
0.629,-6.81570E-013
0.63,-6.81230E-013
0.631,-6.80890E-013
0.632,-6.80550E-013
0.633,-6.80220E-013
0.634,-6.79880E-013
0.635,-6.79540E-013
0.636,-6.79210E-013
0.637,-6.78870E-013
0.638,-6.78540E-013
0.639,-6.78200E-013
0.64,-6.77870E-013
0.641,-6.77540E-013
0.642,-6.77200E-013
0.643,-6.76870E-013
0.644,-6.76540E-013
0.645,-6.76210E-013
0.646,-6.75880E-013
0.647,-6.75550E-013
0.648,-6.75220E-013
0.649,-6.74890E-013
0.65,-6.74560E-013
0.651,-6.74230E-013
0.652,-6.73910E-013
0.653,-6.73580E-013
0.654,-6.73250E-013
0.655,-6.72930E-013
0.656,-6.72600E-013
0.657,-6.72280E-013
0.658,-6.71950E-013
0.659,-6.71630E-013
0.66,-6.71310E-013
0.661,-6.70980E-013
0.662,-6.70660E-013
0.663,-6.70340E-013
0.664,-6.70020E-013
0.665,-6.69700E-013
0.666,-6.69380E-013
0.667,-6.69060E-013
0.668,-6.68740E-013
0.669,-6.68420E-013
0.67,-6.68100E-013
0.671,-6.67780E-013
0.672,-6.67470E-013
0.673,-6.67150E-013
0.674,-6.66830E-013
0.675,-6.66520E-013
0.676,-6.66200E-013
0.677,-6.65890E-013
0.678,-6.65570E-013
0.679,-6.65260E-013
0.68,-6.64950E-013
0.681,-6.64630E-013
0.682,-6.64320E-013
0.683,-6.64010E-013
0.684,-6.63700E-013
0.685,-6.63390E-013
0.686,-6.63080E-013
0.687,-6.62770E-013
0.688,-6.62460E-013
0.689,-6.62150E-013
0.69,-6.61840E-013
0.691,-6.61530E-013
0.692,-6.61220E-013
0.693,-6.60910E-013
0.694,-6.60610E-013
0.695,-6.60300E-013
0.696,-6.60000E-013
0.697,-6.59690E-013
0.698,-6.59380E-013
0.699,-6.59080E-013
0.7,-6.58780E-013
0.701,-6.58470E-013
0.702,-6.58170E-013
0.703,-6.57870E-013
0.704,-6.57560E-013
0.705,-6.57260E-013
0.706,-6.56960E-013
0.707,-6.56660E-013
0.708,-6.56360E-013
0.709,-6.56060E-013
0.71,-6.55760E-013
0.711,-6.55460E-013
0.712,-6.55160E-013
0.713,-6.54860E-013
0.714,-6.54560E-013
0.715,-6.54270E-013
0.716,-6.53970E-013
0.717,-6.53670E-013
0.718,-6.53380E-013
0.719,-6.53080E-013
0.72,-6.52780E-013
0.721,-6.52490E-013
0.722,-6.52190E-013
0.723,-6.51900E-013
0.724,-6.51610E-013
0.725,-6.51310E-013
0.726,-6.51020E-013
0.727,-6.50730E-013
0.728,-6.50430E-013
0.729,-6.50140E-013
0.73,-6.49850E-013
0.731,-6.49560E-013
0.732,-6.49270E-013
0.733,-6.48980E-013
0.734,-6.48690E-013
0.735,-6.48400E-013
0.736,-6.48110E-013
0.737,-6.47820E-013
0.738,-6.47540E-013
0.739,-6.47250E-013
0.74,-6.46960E-013
0.741,-6.46670E-013
0.742,-6.46390E-013
0.743,-6.46100E-013
0.744,-6.45820E-013
0.745,-6.45530E-013
0.746,-6.45250E-013
0.747,-6.44960E-013
0.748,-6.44680E-013
0.749,-6.44390E-013
0.75,-6.44110E-013
0.751,-6.43830E-013
0.752,-6.43550E-013
0.753,-6.43260E-013
0.754,-6.42980E-013
0.755,-6.42700E-013
0.756,-6.42420E-013
0.757,-6.42140E-013
0.758,-6.41860E-013
0.759,-6.41580E-013
0.76,-6.41300E-013
0.761,-6.41020E-013
0.762,-6.40740E-013
0.763,-6.40460E-013
0.764,-6.40190E-013
0.765,-6.39910E-013
0.766,-6.39630E-013
0.767,-6.39350E-013
0.768,-6.39080E-013
0.769,-6.38800E-013
0.77,-6.38530E-013
0.771,-6.38250E-013
0.772,-6.37980E-013
0.773,-6.37700E-013
0.774,-6.37430E-013
0.775,-6.37150E-013
0.776,-6.36880E-013
0.777,-6.36610E-013
0.778,-6.36330E-013
0.779,-6.36060E-013
0.78,-6.35790E-013
0.781,-6.35520E-013
0.782,-6.35250E-013
0.783,-6.34970E-013
0.784,-6.34700E-013
0.785,-6.34430E-013
0.786,-6.34160E-013
0.787,-6.33890E-013
0.788,-6.33630E-013
0.789,-6.33360E-013
0.79,-6.33090E-013
0.791,-6.32820E-013
0.792,-6.32550E-013
0.793,-6.32280E-013
0.794,-6.32020E-013
0.795,-6.31750E-013
0.796,-6.31480E-013
0.797,-6.31220E-013
0.798,-6.30950E-013
0.799,-6.30690E-013
0.8,-6.30420E-013
0.801,-6.30160E-013
0.802,-6.29890E-013
0.803,-6.29630E-013
0.804,-6.29370E-013
0.805,-6.29100E-013
0.806,-6.28840E-013
0.807,-6.28580E-013
0.808,-6.28320E-013
0.809,-6.28050E-013
0.81,-6.27790E-013
0.811,-6.27530E-013
0.812,-6.27270E-013
0.813,-6.27010E-013
0.814,-6.26750E-013
0.815,-6.26490E-013
0.816,-6.26230E-013
0.817,-6.25970E-013
0.818,-6.25710E-013
0.819,-6.25450E-013
0.82,-6.25190E-013
0.821,-6.24940E-013
0.822,-6.24680E-013
0.823,-6.24420E-013
0.824,-6.24160E-013
0.825,-6.23910E-013
0.826,-6.23650E-013
0.827,-6.23400E-013
0.828,-6.23140E-013
0.829,-6.22880E-013
0.83,-6.22630E-013
0.831,-6.22370E-013
0.832,-6.22120E-013
0.833,-6.21870E-013
0.834,-6.21610E-013
0.835,-6.21360E-013
0.836,-6.21110E-013
0.837,-6.20850E-013
0.838,-6.20600E-013
0.839,-6.20350E-013
0.84,-6.20100E-013
0.841,-6.19840E-013
0.842,-6.19590E-013
0.843,-6.19340E-013
0.844,-6.19090E-013
0.845,-6.18840E-013
0.846,-6.18590E-013
0.847,-6.18340E-013
0.848,-6.18090E-013
0.849,-6.17840E-013
0.85,-6.17590E-013
0.851,-6.17350E-013
0.852,-6.17100E-013
0.853,-6.16850E-013
0.854,-6.16600E-013
0.855,-6.16350E-013
0.856,-6.16110E-013
0.857,-6.15860E-013
0.858,-6.15610E-013
0.859,-6.15370E-013
0.86,-6.15120E-013
0.861,-6.14880E-013
0.862,-6.14630E-013
0.863,-6.14390E-013
0.864,-6.14140E-013
0.865,-6.13900E-013
0.866,-6.13650E-013
0.867,-6.13410E-013
0.868,-6.13170E-013
0.869,-6.12920E-013
0.87,-6.12680E-013
0.871,-6.12440E-013
0.872,-6.12190E-013
0.873,-6.11950E-013
0.874,-6.11710E-013
0.875,-6.11470E-013
0.876,-6.11230E-013
0.877,-6.10990E-013
0.878,-6.10750E-013
0.879,-6.10510E-013
0.88,-6.10270E-013
0.881,-6.10030E-013
0.882,-6.09790E-013
0.883,-6.09550E-013
0.884,-6.09310E-013
0.885,-6.09070E-013
0.886,-6.08830E-013
0.887,-6.08590E-013
0.888,-6.08360E-013
0.889,-6.08120E-013
0.89,-6.07880E-013
0.891,-6.07640E-013
0.892,-6.07410E-013
0.893,-6.07170E-013
0.894,-6.06930E-013
0.895,-6.06700E-013
0.896,-6.06460E-013
0.897,-6.06230E-013
0.898,-6.05990E-013
0.899,-6.05760E-013
0.9,-6.05520E-013
0.901,-6.05290E-013
0.902,-6.05050E-013
0.903,-6.04820E-013
0.904,-6.04590E-013
0.905,-6.04350E-013
0.906,-6.04120E-013
0.907,-6.03890E-013
0.908,-6.03660E-013
0.909,-6.03420E-013
0.91,-6.03190E-013
0.911,-6.02960E-013
0.912,-6.02730E-013
0.913,-6.02500E-013
0.914,-6.02270E-013
0.915,-6.02040E-013
0.916,-6.01810E-013
0.917,-6.01580E-013
0.918,-6.01350E-013
0.919,-6.01120E-013
0.92,-6.00890E-013
0.921,-6.00660E-013
0.922,-6.00430E-013
0.923,-6.00200E-013
0.924,-5.99970E-013
0.925,-5.99750E-013
0.926,-5.99520E-013
0.927,-5.99290E-013
0.928,-5.99060E-013
0.929,-5.98840E-013
0.93,-5.98610E-013
0.931,-5.98380E-013
0.932,-5.98160E-013
0.933,-5.97930E-013
0.934,-5.97710E-013
0.935,-5.97480E-013
0.936,-5.97250E-013
0.937,-5.97030E-013
0.938,-5.96800E-013
0.939,-5.96580E-013
0.94,-5.96360E-013
0.941,-5.96130E-013
0.942,-5.95910E-013
0.943,-5.95690E-013
0.944,-5.95460E-013
0.945,-5.95240E-013
0.946,-5.95020E-013
0.947,-5.94790E-013
0.948,-5.94570E-013
0.949,-5.94350E-013
0.95,-5.94130E-013
0.951,-5.93910E-013
0.952,-5.93690E-013
0.953,-5.93460E-013
0.954,-5.93240E-013
0.955,-5.93020E-013
0.956,-5.92800E-013
0.957,-5.92580E-013
0.958,-5.92360E-013
0.959,-5.92140E-013
0.96,-5.91920E-013
0.961,-5.91700E-013
0.962,-5.91490E-013
0.963,-5.91270E-013
0.964,-5.91050E-013
0.965,-5.90830E-013
0.966,-5.90610E-013
0.967,-5.90400E-013
0.968,-5.90180E-013
0.969,-5.89960E-013
0.97,-5.89740E-013
0.971,-5.89530E-013
0.972,-5.89310E-013
0.973,-5.89090E-013
0.974,-5.88880E-013
0.975,-5.88660E-013
0.976,-5.88450E-013
0.977,-5.88230E-013
0.978,-5.88020E-013
0.979,-5.87800E-013
0.98,-5.87590E-013
0.981,-5.87370E-013
0.982,-5.87160E-013
0.983,-5.86940E-013
0.984,-5.86730E-013
0.985,-5.86520E-013
0.986,-5.86300E-013
0.987,-5.86090E-013
0.988,-5.85880E-013
0.989,-5.85660E-013
0.99,-5.85450E-013
0.991,-5.85240E-013
0.992,-5.85030E-013
0.993,-5.84820E-013
0.994,-5.84600E-013
0.995,-5.84390E-013
0.996,-5.84180E-013
0.997,-5.83970E-013
0.998,-5.83760E-013
0.999,-5.83550E-013
1,-5.83340E-013
1.001,-5.83130E-013
1.002,-5.82920E-013
1.003,-5.82710E-013
1.004,-5.82500E-013
1.005,-5.82290E-013
1.006,-5.82080E-013
1.007,-5.81870E-013
1.008,-5.81670E-013
1.009,-5.81460E-013
1.01,-5.81250E-013
1.011,-5.81040E-013
1.012,-5.80830E-013
1.013,-5.80630E-013
1.014,-5.80420E-013
1.015,-5.80210E-013
1.016,-5.80010E-013
1.017,-5.79800E-013
1.018,-5.79590E-013
1.019,-5.79390E-013
1.02,-5.79180E-013
1.021,-5.78970E-013
1.022,-5.78770E-013
1.023,-5.78560E-013
1.024,-5.78360E-013
1.025,-5.78150E-013
1.026,-5.77950E-013
1.027,-5.77740E-013
1.028,-5.77540E-013
1.029,-5.77340E-013
1.03,-5.77130E-013
1.031,-5.76930E-013
1.032,-5.76730E-013
1.033,-5.76520E-013
1.034,-5.76320E-013
1.035,-5.76120E-013
1.036,-5.75910E-013
1.037,-5.75710E-013
1.038,-5.75510E-013
1.039,-5.75310E-013
1.04,-5.75110E-013
1.041,-5.74900E-013
1.042,-5.74700E-013
1.043,-5.74500E-013
1.044,-5.74300E-013
1.045,-5.74100E-013
1.046,-5.73900E-013
1.047,-5.73700E-013
1.048,-5.73500E-013
1.049,-5.73300E-013
1.05,-5.73100E-013
1.051,-5.72900E-013
1.052,-5.72700E-013
1.053,-5.72500E-013
1.054,-5.72300E-013
1.055,-5.72100E-013
1.056,-5.71900E-013
1.057,-5.71700E-013
1.058,-5.71510E-013
1.059,-5.71310E-013
1.06,-5.71110E-013
1.061,-5.70910E-013
1.062,-5.70720E-013
1.063,-5.70520E-013
1.064,-5.70320E-013
1.065,-5.70120E-013
1.066,-5.69930E-013
1.067,-5.69730E-013
1.068,-5.69530E-013
1.069,-5.69340E-013
1.07,-5.69140E-013
1.071,-5.68950E-013
1.072,-5.68750E-013
1.073,-5.68560E-013
1.074,-5.68360E-013
1.075,-5.68170E-013
1.076,-5.67970E-013
1.077,-5.67780E-013
1.078,-5.67580E-013
1.079,-5.67390E-013
1.08,-5.67190E-013
1.081,-5.67000E-013
1.082,-5.66810E-013
1.083,-5.66610E-013
1.084,-5.66420E-013
1.085,-5.66230E-013
1.086,-5.66030E-013
1.087,-5.65840E-013
1.088,-5.65650E-013
1.089,-5.65460E-013
1.09,-5.65260E-013
1.091,-5.65070E-013
1.092,-5.64880E-013
1.093,-5.64690E-013
1.094,-5.64500E-013
1.095,-5.64310E-013
1.096,-5.64110E-013
1.097,-5.63920E-013
1.098,-5.63730E-013
1.099,-5.63540E-013
1.1,-5.63350E-013
1.101,-5.63160E-013
1.102,-5.62970E-013
1.103,-5.62780E-013
1.104,-5.62590E-013
1.105,-5.62400E-013
1.106,-5.62210E-013
1.107,-5.62020E-013
1.108,-5.61830E-013
1.109,-5.61650E-013
1.11,-5.61460E-013
1.111,-5.61270E-013
1.112,-5.61080E-013
1.113,-5.60890E-013
1.114,-5.60700E-013
1.115,-5.60520E-013
1.116,-5.60330E-013
1.117,-5.60140E-013
1.118,-5.59950E-013
1.119,-5.59770E-013
1.12,-5.59580E-013
1.121,-5.59390E-013
1.122,-5.59210E-013
1.123,-5.59020E-013
1.124,-5.58840E-013
1.125,-5.58650E-013
1.126,-5.58460E-013
1.127,-5.58280E-013
1.128,-5.58090E-013
1.129,-5.57910E-013
1.13,-5.57720E-013
1.131,-5.57540E-013
1.132,-5.57350E-013
1.133,-5.57170E-013
1.134,-5.56980E-013
1.135,-5.56800E-013
1.136,-5.56620E-013
1.137,-5.56430E-013
1.138,-5.56250E-013
1.139,-5.56060E-013
1.14,-5.55880E-013
1.141,-5.55700E-013
1.142,-5.55510E-013
1.143,-5.55330E-013
1.144,-5.55150E-013
1.145,-5.54970E-013
1.146,-5.54780E-013
1.147,-5.54600E-013
1.148,-5.54420E-013
1.149,-5.54240E-013
1.15,-5.54060E-013
1.151,-5.53870E-013
1.152,-5.53690E-013
1.153,-5.53510E-013
1.154,-5.53330E-013
1.155,-5.53150E-013
1.156,-5.52970E-013
1.157,-5.52790E-013
1.158,-5.52610E-013
1.159,-5.52430E-013
1.16,-5.52250E-013
1.161,-5.52070E-013
1.162,-5.51890E-013
1.163,-5.51710E-013
1.164,-5.51530E-013
1.165,-5.51350E-013
1.166,-5.51170E-013
1.167,-5.50990E-013
1.168,-5.50810E-013
1.169,-5.50630E-013
1.17,-5.50450E-013
1.171,-5.50280E-013
1.172,-5.50100E-013
1.173,-5.49920E-013
1.174,-5.49740E-013
1.175,-5.49560E-013
1.176,-5.49390E-013
1.177,-5.49210E-013
1.178,-5.49030E-013
1.179,-5.48850E-013
1.18,-5.48680E-013
1.181,-5.48500E-013
1.182,-5.48320E-013
1.183,-5.48150E-013
1.184,-5.47970E-013
1.185,-5.47800E-013
1.186,-5.47620E-013
1.187,-5.47440E-013
1.188,-5.47270E-013
1.189,-5.47090E-013
1.19,-5.46920E-013
1.191,-5.46740E-013
1.192,-5.46570E-013
1.193,-5.46390E-013
1.194,-5.46220E-013
1.195,-5.46040E-013
1.196,-5.45870E-013
1.197,-5.45690E-013
1.198,-5.45520E-013
1.199,-5.45350E-013
1.2,-5.45170E-013
1.201,-5.45000E-013
1.202,-5.44820E-013
1.203,-5.44650E-013
1.204,-5.44480E-013
1.205,-5.44300E-013
1.206,-5.44130E-013
1.207,-5.43960E-013
1.208,-5.43790E-013
1.209,-5.43610E-013
1.21,-5.43440E-013
1.211,-5.43270E-013
1.212,-5.43100E-013
1.213,-5.42920E-013
1.214,-5.42750E-013
1.215,-5.42580E-013
1.216,-5.42410E-013
1.217,-5.42240E-013
1.218,-5.42070E-013
1.219,-5.41900E-013
1.22,-5.41730E-013
1.221,-5.41550E-013
1.222,-5.41380E-013
1.223,-5.41210E-013
1.224,-5.41040E-013
1.225,-5.40870E-013
1.226,-5.40700E-013
1.227,-5.40530E-013
1.228,-5.40360E-013
1.229,-5.40190E-013
1.23,-5.40020E-013
1.231,-5.39860E-013
1.232,-5.39690E-013
1.233,-5.39520E-013
1.234,-5.39350E-013
1.235,-5.39180E-013
1.236,-5.39010E-013
1.237,-5.38840E-013
1.238,-5.38670E-013
1.239,-5.38510E-013
1.24,-5.38340E-013
1.241,-5.38170E-013
1.242,-5.38000E-013
1.243,-5.37840E-013
1.244,-5.37670E-013
1.245,-5.37500E-013
1.246,-5.37330E-013
1.247,-5.37170E-013
1.248,-5.37000E-013
1.249,-5.36830E-013
1.25,-5.36670E-013
1.251,-5.36500E-013
1.252,-5.36330E-013
1.253,-5.36170E-013
1.254,-5.36000E-013
1.255,-5.35840E-013
1.256,-5.35670E-013
1.257,-5.35500E-013
1.258,-5.35340E-013
1.259,-5.35170E-013
1.26,-5.35010E-013
1.261,-5.34840E-013
1.262,-5.34680E-013
1.263,-5.34510E-013
1.264,-5.34350E-013
1.265,-5.34180E-013
1.266,-5.34020E-013
1.267,-5.33850E-013
1.268,-5.33690E-013
1.269,-5.33530E-013
1.27,-5.33360E-013
1.271,-5.33200E-013
1.272,-5.33030E-013
1.273,-5.32870E-013
1.274,-5.32710E-013
1.275,-5.32540E-013
1.276,-5.32380E-013
1.277,-5.32220E-013
1.278,-5.32060E-013
1.279,-5.31890E-013
1.28,-5.31730E-013
1.281,-5.31570E-013
1.282,-5.31410E-013
1.283,-5.31240E-013
1.284,-5.31080E-013
1.285,-5.30920E-013
1.286,-5.30760E-013
1.287,-5.30600E-013
1.288,-5.30440E-013
1.289,-5.30270E-013
1.29,-5.30110E-013
1.291,-5.29950E-013
1.292,-5.29790E-013
1.293,-5.29630E-013
1.294,-5.29470E-013
1.295,-5.29310E-013
1.296,-5.29150E-013
1.297,-5.28990E-013
1.298,-5.28830E-013
1.299,-5.28670E-013
1.3,-5.28510E-013
1.301,-5.28350E-013
1.302,-5.28190E-013
1.303,-5.28030E-013
1.304,-5.27870E-013
1.305,-5.27710E-013
1.306,-5.27550E-013
1.307,-5.27390E-013
1.308,-5.27230E-013
1.309,-5.27070E-013
1.31,-5.26920E-013
1.311,-5.26760E-013
1.312,-5.26600E-013
1.313,-5.26440E-013
1.314,-5.26280E-013
1.315,-5.26120E-013
1.316,-5.25970E-013
1.317,-5.25810E-013
1.318,-5.25650E-013
1.319,-5.25490E-013
1.32,-5.25340E-013
1.321,-5.25180E-013
1.322,-5.25020E-013
1.323,-5.24870E-013
1.324,-5.24710E-013
1.325,-5.24550E-013
1.326,-5.24400E-013
1.327,-5.24240E-013
1.328,-5.24080E-013
1.329,-5.23930E-013
1.33,-5.23770E-013
1.331,-5.23610E-013
1.332,-5.23460E-013
1.333,-5.23300E-013
1.334,-5.23150E-013
1.335,-5.22990E-013
1.336,-5.22840E-013
1.337,-5.22680E-013
1.338,-5.22520E-013
1.339,-5.22370E-013
1.34,-5.22210E-013
1.341,-5.22060E-013
1.342,-5.21910E-013
1.343,-5.21750E-013
1.344,-5.21600E-013
1.345,-5.21440E-013
1.346,-5.21290E-013
1.347,-5.21130E-013
1.348,-5.20980E-013
1.349,-5.20830E-013
1.35,-5.20670E-013
1.351,-5.20520E-013
1.352,-5.20370E-013
1.353,-5.20210E-013
1.354,-5.20060E-013
1.355,-5.19910E-013
1.356,-5.19750E-013
1.357,-5.19600E-013
1.358,-5.19450E-013
1.359,-5.19290E-013
1.36,-5.19140E-013
1.361,-5.18990E-013
1.362,-5.18840E-013
1.363,-5.18690E-013
1.364,-5.18530E-013
1.365,-5.18380E-013
1.366,-5.18230E-013
1.367,-5.18080E-013
1.368,-5.17930E-013
1.369,-5.17770E-013
1.37,-5.17620E-013
1.371,-5.17470E-013
1.372,-5.17320E-013
1.373,-5.17170E-013
1.374,-5.17020E-013
1.375,-5.16870E-013
1.376,-5.16720E-013
1.377,-5.16570E-013
1.378,-5.16420E-013
1.379,-5.16270E-013
1.38,-5.16120E-013
1.381,-5.15970E-013
1.382,-5.15820E-013
1.383,-5.15670E-013
1.384,-5.15520E-013
1.385,-5.15370E-013
1.386,-5.15220E-013
1.387,-5.15070E-013
1.388,-5.14920E-013
1.389,-5.14770E-013
1.39,-5.14620E-013
1.391,-5.14470E-013
1.392,-5.14320E-013
1.393,-5.14170E-013
1.394,-5.14020E-013
1.395,-5.13880E-013
1.396,-5.13730E-013
1.397,-5.13580E-013
1.398,-5.13430E-013
1.399,-5.13280E-013
1.4,-5.13130E-013
1.401,-5.12990E-013
1.402,-5.12840E-013
1.403,-5.12690E-013
1.404,-5.12540E-013
1.405,-5.12400E-013
1.406,-5.12250E-013
1.407,-5.12100E-013
1.408,-5.11950E-013
1.409,-5.11810E-013
1.41,-5.11660E-013
1.411,-5.11510E-013
1.412,-5.11370E-013
1.413,-5.11220E-013
1.414,-5.11070E-013
1.415,-5.10930E-013
1.416,-5.10780E-013
1.417,-5.10640E-013
1.418,-5.10490E-013
1.419,-5.10340E-013
1.42,-5.10200E-013
1.421,-5.10050E-013
1.422,-5.09910E-013
1.423,-5.09760E-013
1.424,-5.09620E-013
1.425,-5.09470E-013
1.426,-5.09330E-013
1.427,-5.09180E-013
1.428,-5.09040E-013
1.429,-5.08890E-013
1.43,-5.08750E-013
1.431,-5.08600E-013
1.432,-5.08460E-013
1.433,-5.08310E-013
1.434,-5.08170E-013
1.435,-5.08020E-013
1.436,-5.07880E-013
1.437,-5.07740E-013
1.438,-5.07590E-013
1.439,-5.07450E-013
1.44,-5.07300E-013
1.441,-5.07160E-013
1.442,-5.07020E-013
1.443,-5.06870E-013
1.444,-5.06730E-013
1.445,-5.06590E-013
1.446,-5.06440E-013
1.447,-5.06300E-013
1.448,-5.06160E-013
1.449,-5.06020E-013
1.45,-5.05870E-013
1.451,-5.05730E-013
1.452,-5.05590E-013
1.453,-5.05450E-013
1.454,-5.05300E-013
1.455,-5.05160E-013
1.456,-5.05020E-013
1.457,-5.04880E-013
1.458,-5.04740E-013
1.459,-5.04590E-013
1.46,-5.04450E-013
1.461,-5.04310E-013
1.462,-5.04170E-013
1.463,-5.04030E-013
1.464,-5.03890E-013
1.465,-5.03750E-013
1.466,-5.03610E-013
1.467,-5.03460E-013
1.468,-5.03320E-013
1.469,-5.03180E-013
1.47,-5.03040E-013
1.471,-5.02900E-013
1.472,-5.02760E-013
1.473,-5.02620E-013
1.474,-5.02480E-013
1.475,-5.02340E-013
1.476,-5.02200E-013
1.477,-5.02060E-013
1.478,-5.01920E-013
1.479,-5.01780E-013
1.48,-5.01640E-013
1.481,-5.01500E-013
1.482,-5.01360E-013
1.483,-5.01220E-013
1.484,-5.01080E-013
1.485,-5.00950E-013
1.486,-5.00810E-013
1.487,-5.00670E-013
1.488,-5.00530E-013
1.489,-5.00390E-013
1.49,-5.00250E-013
1.491,-5.00110E-013
1.492,-4.99970E-013
1.493,-4.99840E-013
1.494,-4.99700E-013
1.495,-4.99560E-013
1.496,-4.99420E-013
1.497,-4.99280E-013
1.498,-4.99150E-013
1.499,-4.99010E-013
1.5,-4.98870E-013
1.501,-4.98730E-013
1.502,-4.98600E-013
1.503,-4.98460E-013
1.504,-4.98320E-013
1.505,-4.98180E-013
1.506,-4.98050E-013
1.507,-4.97910E-013
1.508,-4.97770E-013
1.509,-4.97640E-013
1.51,-4.97500E-013
1.511,-4.97360E-013
1.512,-4.97230E-013
1.513,-4.97090E-013
1.514,-4.96950E-013
1.515,-4.96820E-013
1.516,-4.96680E-013
1.517,-4.96550E-013
1.518,-4.96410E-013
1.519,-4.96270E-013
1.52,-4.96140E-013
1.521,-4.96000E-013
1.522,-4.95870E-013
1.523,-4.95730E-013
1.524,-4.95600E-013
1.525,-4.95460E-013
1.526,-4.95330E-013
1.527,-4.95190E-013
1.528,-4.95060E-013
1.529,-4.94920E-013
1.53,-4.94790E-013
1.531,-4.94650E-013
1.532,-4.94520E-013
1.533,-4.94380E-013
1.534,-4.94250E-013
1.535,-4.94110E-013
1.536,-4.93980E-013
1.537,-4.93840E-013
1.538,-4.93710E-013
1.539,-4.93580E-013
1.54,-4.93440E-013
1.541,-4.93310E-013
1.542,-4.93180E-013
1.543,-4.93040E-013
1.544,-4.92910E-013
1.545,-4.92770E-013
1.546,-4.92640E-013
1.547,-4.92510E-013
1.548,-4.92370E-013
1.549,-4.92240E-013
1.55,-4.92110E-013
1.551,-4.91980E-013
1.552,-4.91840E-013
1.553,-4.91710E-013
1.554,-4.91580E-013
1.555,-4.91450E-013
1.556,-4.91310E-013
1.557,-4.91180E-013
1.558,-4.91050E-013
1.559,-4.90920E-013
1.56,-4.90780E-013
1.561,-4.90650E-013
1.562,-4.90520E-013
1.563,-4.90390E-013
1.564,-4.90260E-013
1.565,-4.90120E-013
1.566,-4.89990E-013
1.567,-4.89860E-013
1.568,-4.89730E-013
1.569,-4.89600E-013
1.57,-4.89470E-013
1.571,-4.89340E-013
1.572,-4.89210E-013
1.573,-4.89070E-013
1.574,-4.88940E-013
1.575,-4.88810E-013
1.576,-4.88680E-013
1.577,-4.88550E-013
1.578,-4.88420E-013
1.579,-4.88290E-013
1.58,-4.88160E-013
1.581,-4.88030E-013
1.582,-4.87900E-013
1.583,-4.87770E-013
1.584,-4.87640E-013
1.585,-4.87510E-013
1.586,-4.87380E-013
1.587,-4.87250E-013
1.588,-4.87120E-013
1.589,-4.86990E-013
1.59,-4.86860E-013
1.591,-4.86730E-013
1.592,-4.86600E-013
1.593,-4.86470E-013
1.594,-4.86350E-013
1.595,-4.86220E-013
1.596,-4.86090E-013
1.597,-4.85960E-013
1.598,-4.85830E-013
1.599,-4.85700E-013
1.6,-4.85570E-013
1.601,-4.85440E-013
1.602,-4.85310E-013
1.603,-4.85190E-013
1.604,-4.85060E-013
1.605,-4.84930E-013
1.606,-4.84800E-013
1.607,-4.84670E-013
1.608,-4.84550E-013
1.609,-4.84420E-013
1.61,-4.84290E-013
1.611,-4.84160E-013
1.612,-4.84040E-013
1.613,-4.83910E-013
1.614,-4.83780E-013
1.615,-4.83650E-013
1.616,-4.83530E-013
1.617,-4.83400E-013
1.618,-4.83270E-013
1.619,-4.83140E-013
1.62,-4.83020E-013
1.621,-4.82890E-013
1.622,-4.82760E-013
1.623,-4.82640E-013
1.624,-4.82510E-013
1.625,-4.82380E-013
1.626,-4.82260E-013
1.627,-4.82130E-013
1.628,-4.82000E-013
1.629,-4.81880E-013
1.63,-4.81750E-013
1.631,-4.81630E-013
1.632,-4.81500E-013
1.633,-4.81370E-013
1.634,-4.81250E-013
1.635,-4.81120E-013
1.636,-4.81000E-013
1.637,-4.80870E-013
1.638,-4.80750E-013
1.639,-4.80620E-013
1.64,-4.80500E-013
1.641,-4.80370E-013
1.642,-4.80250E-013
1.643,-4.80120E-013
1.644,-4.80000E-013
1.645,-4.79870E-013
1.646,-4.79750E-013
1.647,-4.79620E-013
1.648,-4.79500E-013
1.649,-4.79370E-013
1.65,-4.79250E-013
1.651,-4.79120E-013
1.652,-4.79000E-013
1.653,-4.78870E-013
1.654,-4.78750E-013
1.655,-4.78630E-013
1.656,-4.78500E-013
1.657,-4.78380E-013
1.658,-4.78250E-013
1.659,-4.78130E-013
1.66,-4.78010E-013
1.661,-4.77880E-013
1.662,-4.77760E-013
1.663,-4.77640E-013
1.664,-4.77510E-013
1.665,-4.77390E-013
1.666,-4.77270E-013
1.667,-4.77140E-013
1.668,-4.77020E-013
1.669,-4.76900E-013
1.67,-4.76770E-013
1.671,-4.76650E-013
1.672,-4.76530E-013
1.673,-4.76400E-013
1.674,-4.76280E-013
1.675,-4.76160E-013
1.676,-4.76040E-013
1.677,-4.75910E-013
1.678,-4.75790E-013
1.679,-4.75670E-013
1.68,-4.75550E-013
1.681,-4.75430E-013
1.682,-4.75300E-013
1.683,-4.75180E-013
1.684,-4.75060E-013
1.685,-4.74940E-013
1.686,-4.74820E-013
1.687,-4.74690E-013
1.688,-4.74570E-013
1.689,-4.74450E-013
1.69,-4.74330E-013
1.691,-4.74210E-013
1.692,-4.74090E-013
1.693,-4.73970E-013
1.694,-4.73840E-013
1.695,-4.73720E-013
1.696,-4.73600E-013
1.697,-4.73480E-013
1.698,-4.73360E-013
1.699,-4.73240E-013
1.7,-4.73120E-013
1.701,-4.73000E-013
1.702,-4.72880E-013
1.703,-4.72760E-013
1.704,-4.72640E-013
1.705,-4.72520E-013
1.706,-4.72400E-013
1.707,-4.72280E-013
1.708,-4.72160E-013
1.709,-4.72040E-013
1.71,-4.71920E-013
1.711,-4.71800E-013
1.712,-4.71680E-013
1.713,-4.71560E-013
1.714,-4.71440E-013
1.715,-4.71320E-013
1.716,-4.71200E-013
1.717,-4.71080E-013
1.718,-4.70960E-013
1.719,-4.70840E-013
1.72,-4.70720E-013
1.721,-4.70600E-013
1.722,-4.70480E-013
1.723,-4.70360E-013
1.724,-4.70250E-013
1.725,-4.70130E-013
1.726,-4.70010E-013
1.727,-4.69890E-013
1.728,-4.69770E-013
1.729,-4.69650E-013
1.73,-4.69530E-013
1.731,-4.69420E-013
1.732,-4.69300E-013
1.733,-4.69180E-013
1.734,-4.69060E-013
1.735,-4.68940E-013
1.736,-4.68830E-013
1.737,-4.68710E-013
1.738,-4.68590E-013
1.739,-4.68470E-013
1.74,-4.68350E-013
1.741,-4.68240E-013
1.742,-4.68120E-013
1.743,-4.68000E-013
1.744,-4.67880E-013
1.745,-4.67770E-013
1.746,-4.67650E-013
1.747,-4.67530E-013
1.748,-4.67410E-013
1.749,-4.67300E-013
1.75,-4.67180E-013
1.751,-4.67060E-013
1.752,-4.66950E-013
1.753,-4.66830E-013
1.754,-4.66710E-013
1.755,-4.66600E-013
1.756,-4.66480E-013
1.757,-4.66360E-013
1.758,-4.66250E-013
1.759,-4.66130E-013
1.76,-4.66010E-013
1.761,-4.65900E-013
1.762,-4.65780E-013
1.763,-4.65660E-013
1.764,-4.65550E-013
1.765,-4.65430E-013
1.766,-4.65320E-013
1.767,-4.65200E-013
1.768,-4.65090E-013
1.769,-4.64970E-013
1.77,-4.64850E-013
1.771,-4.64740E-013
1.772,-4.64620E-013
1.773,-4.64510E-013
1.774,-4.64390E-013
1.775,-4.64280E-013
1.776,-4.64160E-013
1.777,-4.64050E-013
1.778,-4.63930E-013
1.779,-4.63810E-013
1.78,-4.63700E-013
1.781,-4.63590E-013
1.782,-4.63470E-013
1.783,-4.63360E-013
1.784,-4.63240E-013
1.785,-4.63130E-013
1.786,-4.63010E-013
1.787,-4.62900E-013
1.788,-4.62780E-013
1.789,-4.62670E-013
1.79,-4.62560E-013
1.791,-4.62440E-013
1.792,-4.62330E-013
1.793,-4.62210E-013
1.794,-4.62100E-013
1.795,-4.61980E-013
1.796,-4.61870E-013
1.797,-4.61760E-013
1.798,-4.61640E-013
1.799,-4.61530E-013
1.8,-4.61420E-013
1.801,-4.61300E-013
1.802,-4.61190E-013
1.803,-4.61080E-013
1.804,-4.60960E-013
1.805,-4.60850E-013
1.806,-4.60740E-013
1.807,-4.60620E-013
1.808,-4.60510E-013
1.809,-4.60400E-013
1.81,-4.60280E-013
1.811,-4.60170E-013
1.812,-4.60060E-013
1.813,-4.59940E-013
1.814,-4.59830E-013
1.815,-4.59720E-013
1.816,-4.59610E-013
1.817,-4.59490E-013
1.818,-4.59380E-013
1.819,-4.59270E-013
1.82,-4.59160E-013
1.821,-4.59050E-013
1.822,-4.58930E-013
1.823,-4.58820E-013
1.824,-4.58710E-013
1.825,-4.58600E-013
1.826,-4.58490E-013
1.827,-4.58370E-013
1.828,-4.58260E-013
1.829,-4.58150E-013
1.83,-4.58040E-013
1.831,-4.57930E-013
1.832,-4.57820E-013
1.833,-4.57700E-013
1.834,-4.57590E-013
1.835,-4.57480E-013
1.836,-4.57370E-013
1.837,-4.57260E-013
1.838,-4.57150E-013
1.839,-4.57040E-013
1.84,-4.56930E-013
1.841,-4.56810E-013
1.842,-4.56700E-013
1.843,-4.56590E-013
1.844,-4.56480E-013
1.845,-4.56370E-013
1.846,-4.56260E-013
1.847,-4.56150E-013
1.848,-4.56040E-013
1.849,-4.55930E-013
1.85,-4.55820E-013
1.851,-4.55710E-013
1.852,-4.55600E-013
1.853,-4.55490E-013
1.854,-4.55380E-013
1.855,-4.55270E-013
1.856,-4.55160E-013
1.857,-4.55050E-013
1.858,-4.54940E-013
1.859,-4.54830E-013
1.86,-4.54720E-013
1.861,-4.54610E-013
1.862,-4.54500E-013
1.863,-4.54390E-013
1.864,-4.54280E-013
1.865,-4.54170E-013
1.866,-4.54060E-013
1.867,-4.53950E-013
1.868,-4.53840E-013
1.869,-4.53730E-013
1.87,-4.53620E-013
1.871,-4.53520E-013
1.872,-4.53410E-013
1.873,-4.53300E-013
1.874,-4.53190E-013
1.875,-4.53080E-013
1.876,-4.52970E-013
1.877,-4.52860E-013
1.878,-4.52750E-013
1.879,-4.52650E-013
1.88,-4.52540E-013
1.881,-4.52430E-013
1.882,-4.52320E-013
1.883,-4.52210E-013
1.884,-4.52100E-013
1.885,-4.52000E-013
1.886,-4.51890E-013
1.887,-4.51780E-013
1.888,-4.51670E-013
1.889,-4.51560E-013
1.89,-4.51460E-013
1.891,-4.51350E-013
1.892,-4.51240E-013
1.893,-4.51130E-013
1.894,-4.51020E-013
1.895,-4.50920E-013
1.896,-4.50810E-013
1.897,-4.50700E-013
1.898,-4.50590E-013
1.899,-4.50490E-013
1.9,-4.50380E-013
1.901,-4.50270E-013
1.902,-4.50160E-013
1.903,-4.50060E-013
1.904,-4.49950E-013
1.905,-4.49840E-013
1.906,-4.49740E-013
1.907,-4.49630E-013
1.908,-4.49520E-013
1.909,-4.49420E-013
1.91,-4.49310E-013
1.911,-4.49200E-013
1.912,-4.49100E-013
1.913,-4.48990E-013
1.914,-4.48880E-013
1.915,-4.48780E-013
1.916,-4.48670E-013
1.917,-4.48560E-013
1.918,-4.48460E-013
1.919,-4.48350E-013
1.92,-4.48250E-013
1.921,-4.48140E-013
1.922,-4.48030E-013
1.923,-4.47930E-013
1.924,-4.47820E-013
1.925,-4.47720E-013
1.926,-4.47610E-013
1.927,-4.47500E-013
1.928,-4.47400E-013
1.929,-4.47290E-013
1.93,-4.47190E-013
1.931,-4.47080E-013
1.932,-4.46980E-013
1.933,-4.46870E-013
1.934,-4.46770E-013
1.935,-4.46660E-013
1.936,-4.46560E-013
1.937,-4.46450E-013
1.938,-4.46350E-013
1.939,-4.46240E-013
1.94,-4.46140E-013
1.941,-4.46030E-013
1.942,-4.45930E-013
1.943,-4.45820E-013
1.944,-4.45720E-013
1.945,-4.45610E-013
1.946,-4.45510E-013
1.947,-4.45400E-013
1.948,-4.45300E-013
1.949,-4.45190E-013
1.95,-4.45090E-013
1.951,-4.44980E-013
1.952,-4.44880E-013
1.953,-4.44780E-013
1.954,-4.44670E-013
1.955,-4.44570E-013
1.956,-4.44460E-013
1.957,-4.44360E-013
1.958,-4.44260E-013
1.959,-4.44150E-013
1.96,-4.44050E-013
1.961,-4.43940E-013
1.962,-4.43840E-013
1.963,-4.43740E-013
1.964,-4.43630E-013
1.965,-4.43530E-013
1.966,-4.43430E-013
1.967,-4.43320E-013
1.968,-4.43220E-013
1.969,-4.43120E-013
1.97,-4.43010E-013
1.971,-4.42910E-013
1.972,-4.42810E-013
1.973,-4.42700E-013
1.974,-4.42600E-013
1.975,-4.42500E-013
1.976,-4.42390E-013
1.977,-4.42290E-013
1.978,-4.42190E-013
1.979,-4.42080E-013
1.98,-4.41980E-013
1.981,-4.41880E-013
1.982,-4.41780E-013
1.983,-4.41670E-013
1.984,-4.41570E-013
1.985,-4.41470E-013
1.986,-4.41370E-013
1.987,-4.41260E-013
1.988,-4.41160E-013
1.989,-4.41060E-013
1.99,-4.40960E-013
1.991,-4.40850E-013
1.992,-4.40750E-013
1.993,-4.40650E-013
1.994,-4.40550E-013
1.995,-4.40450E-013
1.996,-4.40340E-013
1.997,-4.40240E-013
1.998,-4.40140E-013
1.999,-4.40040E-013
2,-4.39940E-013
2.001,-4.39840E-013
2.002,-4.39730E-013
2.003,-4.39630E-013
2.004,-4.39530E-013
2.005,-4.39430E-013
2.006,-4.39330E-013
2.007,-4.39230E-013
2.008,-4.39130E-013
2.009,-4.39030E-013
2.01,-4.38920E-013
2.011,-4.38820E-013
2.012,-4.38720E-013
2.013,-4.38620E-013
2.014,-4.38520E-013
2.015,-4.38420E-013
2.016,-4.38320E-013
2.017,-4.38220E-013
2.018,-4.38120E-013
2.019,-4.38020E-013
2.02,-4.37920E-013
2.021,-4.37820E-013
2.022,-4.37720E-013
2.023,-4.37620E-013
2.024,-4.37520E-013
2.025,-4.37420E-013
2.026,-4.37320E-013
2.027,-4.37220E-013
2.028,-4.37120E-013
2.029,-4.37020E-013
2.03,-4.36920E-013
2.031,-4.36820E-013
2.032,-4.36720E-013
2.033,-4.36620E-013
2.034,-4.36520E-013
2.035,-4.36420E-013
2.036,-4.36320E-013
2.037,-4.36220E-013
2.038,-4.36120E-013
2.039,-4.36020E-013
2.04,-4.35920E-013
2.041,-4.35820E-013
2.042,-4.35720E-013
2.043,-4.35620E-013
2.044,-4.35520E-013
2.045,-4.35420E-013
2.046,-4.35320E-013
2.047,-4.35220E-013
2.048,-4.35120E-013
2.049,-4.35020E-013
2.05,-4.34920E-013
2.051,-4.34830E-013
2.052,-4.34730E-013
2.053,-4.34630E-013
2.054,-4.34530E-013
2.055,-4.34430E-013
2.056,-4.34330E-013
2.057,-4.34230E-013
2.058,-4.34130E-013
2.059,-4.34030E-013
2.06,-4.33940E-013
2.061,-4.33840E-013
2.062,-4.33740E-013
2.063,-4.33640E-013
2.064,-4.33540E-013
2.065,-4.33440E-013
2.066,-4.33350E-013
2.067,-4.33250E-013
2.068,-4.33150E-013
2.069,-4.33050E-013
2.07,-4.32950E-013
2.071,-4.32860E-013
2.072,-4.32760E-013
2.073,-4.32660E-013
2.074,-4.32560E-013
2.075,-4.32460E-013
2.076,-4.32370E-013
2.077,-4.32270E-013
2.078,-4.32170E-013
2.079,-4.32070E-013
2.08,-4.31970E-013
2.081,-4.31880E-013
2.082,-4.31780E-013
2.083,-4.31680E-013
2.084,-4.31590E-013
2.085,-4.31490E-013
2.086,-4.31390E-013
2.087,-4.31290E-013
2.088,-4.31200E-013
2.089,-4.31100E-013
2.0901,-4.31000E-013
2.0911,-4.30900E-013
2.0921,-4.30810E-013
2.0931,-4.30710E-013
2.0941,-4.30610E-013
2.0951,-4.30520E-013
2.0961,-4.30420E-013
2.0971,-4.30320E-013
2.0981,-4.30230E-013
2.0991,-4.30130E-013
2.1001,-4.30030E-013
2.1011,-4.29940E-013
2.1021,-4.29840E-013
2.1031,-4.29740E-013
2.1041,-4.29650E-013
2.1051,-4.29550E-013
2.1061,-4.29450E-013
2.1071,-4.29360E-013
2.1081,-4.29260E-013
2.1091,-4.29170E-013
2.1101,-4.29070E-013
2.1111,-4.28970E-013
2.1121,-4.28880E-013
2.1131,-4.28780E-013
2.1141,-4.28690E-013
2.1151,-4.28590E-013
2.1161,-4.28490E-013
2.1171,-4.28400E-013
2.1181,-4.28300E-013
2.1191,-4.28210E-013
2.1201,-4.28110E-013
2.1211,-4.28020E-013
2.1221,-4.27920E-013
2.1231,-4.27820E-013
2.1241,-4.27730E-013
2.1251,-4.27630E-013
2.1261,-4.27540E-013
2.1271,-4.27440E-013
2.1281,-4.27350E-013
2.1291,-4.27250E-013
2.1301,-4.27160E-013
2.1311,-4.27060E-013
2.1321,-4.26970E-013
2.1331,-4.26870E-013
2.1341,-4.26780E-013
2.1351,-4.26680E-013
2.1361,-4.26590E-013
2.1371,-4.26490E-013
2.1381,-4.26400E-013
2.1391,-4.26300E-013
2.1401,-4.26210E-013
2.1411,-4.26110E-013
2.1421,-4.26020E-013
2.1431,-4.25920E-013
2.1441,-4.25830E-013
2.1451,-4.25740E-013
2.1461,-4.25640E-013
2.1471,-4.25550E-013
2.1481,-4.25450E-013
2.1491,-4.25360E-013
2.1501,-4.25260E-013
2.1511,-4.25170E-013
2.1521,-4.25080E-013
2.1531,-4.24980E-013
2.1541,-4.24890E-013
2.1551,-4.24790E-013
2.1561,-4.24700E-013
2.1571,-4.24610E-013
2.1581,-4.24510E-013
2.1591,-4.24420E-013
2.1601,-4.24320E-013
2.1611,-4.24230E-013
2.1621,-4.24140E-013
2.1631,-4.24040E-013
2.1641,-4.23950E-013
2.1651,-4.23860E-013
2.1661,-4.23760E-013
2.1671,-4.23670E-013
2.1681,-4.23580E-013
2.1691,-4.23480E-013
2.1701,-4.23390E-013
2.1711,-4.23300E-013
2.1721,-4.23200E-013
2.1731,-4.23110E-013
2.1741,-4.23020E-013
2.1751,-4.22920E-013
2.1761,-4.22830E-013
2.1771,-4.22740E-013
2.1781,-4.22640E-013
2.1791,-4.22550E-013
2.1801,-4.22460E-013
2.1811,-4.22370E-013
2.1821,-4.22270E-013
2.1831,-4.22180E-013
2.1841,-4.22090E-013
2.1851,-4.21990E-013
2.1862,-4.21900E-013
2.1872,-4.21810E-013
2.1882,-4.21720E-013
2.1892,-4.21620E-013
2.1902,-4.21530E-013
2.1912,-4.21440E-013
2.1922,-4.21350E-013
2.1932,-4.21260E-013
2.1942,-4.21160E-013
2.1952,-4.21070E-013
2.1962,-4.20980E-013
2.1972,-4.20890E-013
2.1982,-4.20790E-013
2.1992,-4.20700E-013
2.2002,-4.20610E-013
2.2012,-4.20520E-013
2.2022,-4.20430E-013
2.2032,-4.20340E-013
2.2042,-4.20240E-013
2.2052,-4.20150E-013
2.2062,-4.20060E-013
2.2072,-4.19970E-013
2.2082,-4.19880E-013
2.2092,-4.19790E-013
2.2102,-4.19690E-013
2.2112,-4.19600E-013
2.2122,-4.19510E-013
2.2132,-4.19420E-013
2.2142,-4.19330E-013
2.2152,-4.19240E-013
2.2162,-4.19150E-013
2.2172,-4.19050E-013
2.2182,-4.18960E-013
2.2192,-4.18870E-013
2.2202,-4.18780E-013
2.2212,-4.18690E-013
2.2222,-4.18600E-013
2.2232,-4.18510E-013
2.2242,-4.18420E-013
2.2252,-4.18330E-013
2.2262,-4.18240E-013
2.2272,-4.18140E-013
2.2282,-4.18050E-013
2.2292,-4.17960E-013
2.2302,-4.17870E-013
2.2312,-4.17780E-013
2.2322,-4.17690E-013
2.2332,-4.17600E-013
2.2342,-4.17510E-013
2.2352,-4.17420E-013
2.2362,-4.17330E-013
2.2372,-4.17240E-013
2.2382,-4.17150E-013
2.2392,-4.17060E-013
2.2402,-4.16970E-013
2.2412,-4.16880E-013
2.2422,-4.16790E-013
2.2432,-4.16700E-013
2.2442,-4.16610E-013
2.2452,-4.16520E-013
2.2462,-4.16430E-013
2.2472,-4.16340E-013
2.2482,-4.16250E-013
2.2492,-4.16160E-013
2.2502,-4.16070E-013
2.2512,-4.15980E-013
2.2522,-4.15890E-013
2.2532,-4.15800E-013
2.2542,-4.15710E-013
2.2552,-4.15620E-013
2.2562,-4.15530E-013
2.2572,-4.15440E-013
2.2582,-4.15350E-013
2.2592,-4.15260E-013
2.2602,-4.15170E-013
2.2612,-4.15080E-013
2.2622,-4.14990E-013
2.2632,-4.14900E-013
2.2642,-4.14810E-013
2.2652,-4.14730E-013
2.2662,-4.14640E-013
2.2672,-4.14550E-013
2.2682,-4.14460E-013
2.2692,-4.14370E-013
2.2702,-4.14280E-013
2.2712,-4.14190E-013
2.2722,-4.14100E-013
2.2732,-4.14010E-013
2.2742,-4.13920E-013
2.2752,-4.13840E-013
2.2762,-4.13750E-013
2.2772,-4.13660E-013
2.2782,-4.13570E-013
2.2792,-4.13480E-013
2.2802,-4.13390E-013
2.2812,-4.13300E-013
2.2823,-4.13220E-013
2.2833,-4.13130E-013
2.2843,-4.13040E-013
2.2853,-4.12950E-013
2.2863,-4.12860E-013
2.2873,-4.12770E-013
2.2883,-4.12690E-013
2.2893,-4.12600E-013
2.2903,-4.12510E-013
2.2913,-4.12420E-013
2.2923,-4.12330E-013
2.2933,-4.12250E-013
2.2943,-4.12160E-013
2.2953,-4.12070E-013
2.2963,-4.11980E-013
2.2973,-4.11890E-013
2.2983,-4.11810E-013
2.2993,-4.11720E-013
2.3003,-4.11630E-013
2.3013,-4.11540E-013
2.3023,-4.11460E-013
2.3033,-4.11370E-013
2.3043,-4.11280E-013
2.3053,-4.11190E-013
2.3063,-4.11110E-013
2.3073,-4.11020E-013
2.3083,-4.10930E-013
2.3093,-4.10840E-013
2.3103,-4.10760E-013
2.3113,-4.10670E-013
2.3123,-4.10580E-013
2.3133,-4.10500E-013
2.3143,-4.10410E-013
2.3153,-4.10320E-013
2.3163,-4.10240E-013
2.3173,-4.10150E-013
2.3183,-4.10060E-013
2.3193,-4.09970E-013
2.3203,-4.09890E-013
2.3213,-4.09800E-013
2.3223,-4.09710E-013
2.3233,-4.09630E-013
2.3243,-4.09540E-013
2.3253,-4.09450E-013
2.3263,-4.09370E-013
2.3273,-4.09280E-013
2.3283,-4.09190E-013
2.3293,-4.09110E-013
2.3303,-4.09020E-013
2.3313,-4.08930E-013
2.3323,-4.08850E-013
2.3333,-4.08760E-013
2.3343,-4.08680E-013
2.3353,-4.08590E-013
2.3363,-4.08500E-013
2.3373,-4.08420E-013
2.3383,-4.08330E-013
2.3393,-4.08240E-013
2.3403,-4.08160E-013
2.3413,-4.08070E-013
2.3423,-4.07990E-013
2.3433,-4.07900E-013
2.3443,-4.07810E-013
2.3453,-4.07730E-013
2.3463,-4.07640E-013
2.3473,-4.07550E-013
2.3483,-4.07470E-013
2.3493,-4.07380E-013
2.3503,-4.07300E-013
2.3513,-4.07210E-013
2.3523,-4.07130E-013
2.3533,-4.07040E-013
2.3543,-4.06950E-013
2.3553,-4.06870E-013
2.3563,-4.06780E-013
2.3573,-4.06700E-013
2.3583,-4.06610E-013
2.3593,-4.06530E-013
2.3603,-4.06440E-013
2.3613,-4.06360E-013
2.3623,-4.06270E-013
2.3633,-4.06190E-013
2.3643,-4.06100E-013
2.3653,-4.06020E-013
2.3663,-4.05930E-013
2.3673,-4.05850E-013
2.3683,-4.05760E-013
2.3693,-4.05680E-013
2.3703,-4.05590E-013
2.3713,-4.05510E-013
2.3723,-4.05420E-013
2.3733,-4.05340E-013
2.3743,-4.05250E-013
2.3753,-4.05170E-013
2.3763,-4.05080E-013
2.3774,-4.05000E-013
2.3784,-4.04910E-013
2.3794,-4.04830E-013
2.3804,-4.04750E-013
2.3814,-4.04660E-013
2.3824,-4.04580E-013
2.3834,-4.04490E-013
2.3844,-4.04410E-013
2.3854,-4.04320E-013
2.3864,-4.04240E-013
2.3874,-4.04150E-013
2.3884,-4.04070E-013
2.3894,-4.03990E-013
2.3904,-4.03900E-013
2.3914,-4.03820E-013
2.3924,-4.03730E-013
2.3934,-4.03650E-013
2.3944,-4.03570E-013
2.3954,-4.03480E-013
2.3964,-4.03400E-013
2.3974,-4.03310E-013
2.3984,-4.03230E-013
2.3994,-4.03150E-013
2.4004,-4.03060E-013
2.4014,-4.02980E-013
2.4024,-4.02890E-013
2.4034,-4.02810E-013
2.4044,-4.02730E-013
2.4054,-4.02640E-013
2.4064,-4.02560E-013
2.4074,-4.02480E-013
2.4084,-4.02390E-013
2.4094,-4.02310E-013
2.4104,-4.02230E-013
2.4114,-4.02140E-013
2.4124,-4.02060E-013
2.4134,-4.01980E-013
2.4144,-4.01890E-013
2.4154,-4.01810E-013
2.4164,-4.01730E-013
2.4174,-4.01640E-013
2.4184,-4.01560E-013
2.4194,-4.01480E-013
2.4204,-4.01390E-013
2.4214,-4.01310E-013
2.4224,-4.01230E-013
2.4234,-4.01140E-013
2.4244,-4.01060E-013
2.4254,-4.00980E-013
2.4264,-4.00900E-013
2.4274,-4.00810E-013
2.4284,-4.00730E-013
2.4294,-4.00650E-013
2.4304,-4.00570E-013
2.4314,-4.00480E-013
2.4324,-4.00400E-013
2.4334,-4.00320E-013
2.4344,-4.00230E-013
2.4354,-4.00150E-013
2.4364,-4.00070E-013
2.4374,-3.99990E-013
2.4384,-3.99900E-013
2.4394,-3.99820E-013
2.4404,-3.99740E-013
2.4414,-3.99660E-013
2.4424,-3.99580E-013
2.4434,-3.99490E-013
2.4444,-3.99410E-013
2.4454,-3.99330E-013
2.4464,-3.99250E-013
2.4474,-3.99160E-013
2.4484,-3.99080E-013
2.4494,-3.99000E-013
2.4504,-3.98920E-013
2.4514,-3.98840E-013
2.4524,-3.98750E-013
2.4534,-3.98670E-013
2.4544,-3.98590E-013
2.4554,-3.98510E-013
2.4564,-3.98430E-013
2.4574,-3.98350E-013
2.4584,-3.98260E-013
2.4594,-3.98180E-013
2.4604,-3.98100E-013
2.4614,-3.98020E-013
2.4624,-3.97940E-013
2.4634,-3.97860E-013
2.4644,-3.97770E-013
2.4654,-3.97690E-013
2.4664,-3.97610E-013
2.4674,-3.97530E-013
2.4684,-3.97450E-013
2.4694,-3.97370E-013
2.4704,-3.97290E-013
2.4714,-3.97200E-013
2.4724,-3.97120E-013
2.4735,-3.97040E-013
2.4745,-3.96960E-013
2.4755,-3.96880E-013
2.4765,-3.96800E-013
2.4775,-3.96720E-013
2.4785,-3.96640E-013
2.4795,-3.96560E-013
2.4805,-3.96480E-013
2.4815,-3.96390E-013
2.4825,-3.96310E-013
2.4835,-3.96230E-013
2.4845,-3.96150E-013
2.4855,-3.96070E-013
2.4865,-3.95990E-013
2.4875,-3.95910E-013
2.4885,-3.95830E-013
2.4895,-3.95750E-013
2.4905,-3.95670E-013
2.4915,-3.95590E-013
2.4925,-3.95510E-013
2.4935,-3.95430E-013
2.4945,-3.95350E-013
2.4955,-3.95270E-013
2.4965,-3.95180E-013
2.4975,-3.95100E-013
2.4985,-3.95020E-013
2.4995,-3.94940E-013
2.5005,-3.94860E-013
2.5015,-3.94780E-013
2.5025,-3.94700E-013
2.5035,-3.94620E-013
2.5045,-3.94540E-013
2.5055,-3.94460E-013
2.5065,-3.94380E-013
2.5075,-3.94300E-013
2.5085,-3.94220E-013
2.5095,-3.94140E-013
2.5105,-3.94060E-013
2.5115,-3.93980E-013
2.5125,-3.93900E-013
2.5135,-3.93820E-013
2.5145,-3.93740E-013
2.5155,-3.93660E-013
2.5165,-3.93580E-013
2.5175,-3.93510E-013
2.5185,-3.93430E-013
2.5195,-3.93350E-013
2.5205,-3.93270E-013
2.5215,-3.93190E-013
2.5225,-3.93110E-013
2.5235,-3.93030E-013
2.5245,-3.92950E-013
2.5255,-3.92870E-013
2.5265,-3.92790E-013
2.5275,-3.92710E-013
2.5285,-3.92630E-013
2.5295,-3.92550E-013
2.5305,-3.92470E-013
2.5315,-3.92390E-013
2.5325,-3.92310E-013
2.5335,-3.92230E-013
2.5345,-3.92160E-013
2.5355,-3.92080E-013
2.5365,-3.92000E-013
2.5375,-3.91920E-013
2.5385,-3.91840E-013
2.5395,-3.91760E-013
2.5405,-3.91680E-013
2.5415,-3.91600E-013
2.5425,-3.91520E-013
2.5435,-3.91450E-013
2.5445,-3.91370E-013
2.5455,-3.91290E-013
2.5465,-3.91210E-013
2.5475,-3.91130E-013
2.5485,-3.91050E-013
2.5495,-3.90970E-013
2.5505,-3.90890E-013
2.5515,-3.90820E-013
2.5525,-3.90740E-013
2.5535,-3.90660E-013
2.5545,-3.90580E-013
2.5555,-3.90500E-013
2.5565,-3.90420E-013
2.5575,-3.90350E-013
2.5585,-3.90270E-013
2.5595,-3.90190E-013
2.5605,-3.90110E-013
2.5615,-3.90030E-013
2.5625,-3.89950E-013
2.5635,-3.89880E-013
2.5645,-3.89800E-013
2.5655,-3.89720E-013
2.5665,-3.89640E-013
2.5675,-3.89560E-013
2.5685,-3.89490E-013
2.5696,-3.89410E-013
2.5706,-3.89330E-013
2.5716,-3.89250E-013
2.5726,-3.89170E-013
2.5736,-3.89100E-013
2.5746,-3.89020E-013
2.5756,-3.88940E-013
2.5766,-3.88860E-013
2.5776,-3.88790E-013
2.5786,-3.88710E-013
2.5796,-3.88630E-013
2.5806,-3.88550E-013
2.5816,-3.88480E-013
2.5826,-3.88400E-013
2.5836,-3.88320E-013
2.5846,-3.88240E-013
2.5856,-3.88170E-013
2.5866,-3.88090E-013
2.5876,-3.88010E-013
2.5886,-3.87930E-013
2.5896,-3.87860E-013
2.5906,-3.87780E-013
2.5916,-3.87700E-013
2.5926,-3.87620E-013
2.5936,-3.87550E-013
2.5946,-3.87470E-013
2.5956,-3.87390E-013
2.5966,-3.87320E-013
2.5976,-3.87240E-013
2.5986,-3.87160E-013
2.5996,-3.87090E-013
2.6006,-3.87010E-013
2.6016,-3.86930E-013
2.6026,-3.86850E-013
2.6036,-3.86780E-013
2.6046,-3.86700E-013
2.6056,-3.86620E-013
2.6066,-3.86550E-013
2.6076,-3.86470E-013
2.6086,-3.86390E-013
2.6096,-3.86320E-013
2.6106,-3.86240E-013
2.6116,-3.86160E-013
2.6126,-3.86090E-013
2.6136,-3.86010E-013
2.6146,-3.85930E-013
2.6156,-3.85860E-013
2.6166,-3.85780E-013
2.6176,-3.85710E-013
2.6186,-3.85630E-013
2.6196,-3.85550E-013
2.6206,-3.85480E-013
2.6216,-3.85400E-013
2.6226,-3.85320E-013
2.6236,-3.85250E-013
2.6246,-3.85170E-013
2.6256,-3.85100E-013
2.6266,-3.85020E-013
2.6276,-3.84940E-013
2.6286,-3.84870E-013
2.6296,-3.84790E-013
2.6306,-3.84710E-013
2.6316,-3.84640E-013
2.6326,-3.84560E-013
2.6336,-3.84490E-013
2.6346,-3.84410E-013
2.6356,-3.84340E-013
2.6366,-3.84260E-013
2.6376,-3.84180E-013
2.6386,-3.84110E-013
2.6396,-3.84030E-013
2.6406,-3.83960E-013
2.6416,-3.83880E-013
2.6426,-3.83810E-013
2.6436,-3.83730E-013
2.6446,-3.83650E-013
2.6456,-3.83580E-013
2.6466,-3.83500E-013
2.6476,-3.83430E-013
2.6486,-3.83350E-013
2.6496,-3.83280E-013
2.6506,-3.83200E-013
2.6516,-3.83130E-013
2.6526,-3.83050E-013
2.6536,-3.82980E-013
2.6546,-3.82900E-013
2.6556,-3.82830E-013
2.6566,-3.82750E-013
2.6576,-3.82670E-013
2.6586,-3.82600E-013
2.6596,-3.82520E-013
2.6606,-3.82450E-013
2.6616,-3.82370E-013
2.6626,-3.82300E-013
2.6636,-3.82220E-013
2.6646,-3.82150E-013
2.6657,-3.82070E-013
2.6667,-3.82000E-013
2.6677,-3.81920E-013
2.6687,-3.81850E-013
2.6697,-3.81770E-013
2.6707,-3.81700E-013
2.6717,-3.81620E-013
2.6727,-3.81550E-013
2.6737,-3.81480E-013
2.6747,-3.81400E-013
2.6757,-3.81330E-013
2.6767,-3.81250E-013
2.6777,-3.81180E-013
2.6787,-3.81100E-013
2.6797,-3.81030E-013
2.6807,-3.80950E-013
2.6817,-3.80880E-013
2.6827,-3.80800E-013
2.6837,-3.80730E-013
2.6847,-3.80660E-013
2.6857,-3.80580E-013
2.6867,-3.80510E-013
2.6877,-3.80430E-013
2.6887,-3.80360E-013
2.6897,-3.80280E-013
2.6907,-3.80210E-013
2.6917,-3.80140E-013
2.6927,-3.80060E-013
2.6937,-3.79990E-013
2.6947,-3.79910E-013
2.6957,-3.79840E-013
2.6967,-3.79770E-013
2.6977,-3.79690E-013
2.6987,-3.79620E-013
2.6997,-3.79540E-013
2.7007,-3.79470E-013
2.7017,-3.79400E-013
2.7027,-3.79320E-013
2.7037,-3.79250E-013
2.7047,-3.79170E-013
2.7057,-3.79100E-013
2.7067,-3.79030E-013
2.7077,-3.78950E-013
2.7087,-3.78880E-013
2.7097,-3.78810E-013
2.7107,-3.78730E-013
2.7117,-3.78660E-013
2.7127,-3.78590E-013
2.7137,-3.78510E-013
2.7147,-3.78440E-013
2.7157,-3.78360E-013
2.7167,-3.78290E-013
2.7177,-3.78220E-013
2.7187,-3.78140E-013
2.7197,-3.78070E-013
2.7207,-3.78000E-013
2.7217,-3.77920E-013
2.7227,-3.77850E-013
2.7237,-3.77780E-013
2.7247,-3.77710E-013
2.7257,-3.77630E-013
2.7267,-3.77560E-013
2.7277,-3.77490E-013
2.7287,-3.77410E-013
2.7297,-3.77340E-013
2.7307,-3.77270E-013
2.7317,-3.77190E-013
2.7327,-3.77120E-013
2.7337,-3.77050E-013
2.7347,-3.76970E-013
2.7357,-3.76900E-013
2.7367,-3.76830E-013
2.7377,-3.76760E-013
2.7387,-3.76680E-013
2.7397,-3.76610E-013
2.7407,-3.76540E-013
2.7417,-3.76470E-013
2.7427,-3.76390E-013
2.7437,-3.76320E-013
2.7447,-3.76250E-013
2.7457,-3.76170E-013
2.7467,-3.76100E-013
2.7477,-3.76030E-013
2.7487,-3.75960E-013
2.7497,-3.75880E-013
2.7507,-3.75810E-013
2.7517,-3.75740E-013
2.7527,-3.75670E-013
2.7537,-3.75600E-013
2.7547,-3.75520E-013
2.7557,-3.75450E-013
2.7567,-3.75380E-013
2.7577,-3.75310E-013
2.7587,-3.75230E-013
2.7597,-3.75160E-013
2.7608,-3.75090E-013
2.7618,-3.75020E-013
2.7628,-3.74940E-013
2.7638,-3.74870E-013
2.7648,-3.74800E-013
2.7658,-3.74730E-013
2.7668,-3.74660E-013
2.7678,-3.74580E-013
2.7688,-3.74510E-013
2.7698,-3.74440E-013
2.7708,-3.74370E-013
2.7718,-3.74300E-013
2.7728,-3.74230E-013
2.7738,-3.74150E-013
2.7748,-3.74080E-013
2.7758,-3.74010E-013
2.7768,-3.73940E-013
2.7778,-3.73870E-013
2.7788,-3.73790E-013
2.7798,-3.73720E-013
2.7808,-3.73650E-013
2.7818,-3.73580E-013
2.7828,-3.73510E-013
2.7838,-3.73440E-013
2.7848,-3.73370E-013
2.7858,-3.73290E-013
2.7868,-3.73220E-013
2.7878,-3.73150E-013
2.7888,-3.73080E-013
2.7898,-3.73010E-013
2.7908,-3.72940E-013
2.7918,-3.72870E-013
2.7928,-3.72790E-013
2.7938,-3.72720E-013
2.7948,-3.72650E-013
2.7958,-3.72580E-013
2.7968,-3.72510E-013
2.7978,-3.72440E-013
2.7988,-3.72370E-013
2.7998,-3.72300E-013
2.8008,-3.72220E-013
2.8018,-3.72150E-013
2.8028,-3.72080E-013
2.8038,-3.72010E-013
2.8048,-3.71940E-013
2.8058,-3.71870E-013
2.8068,-3.71800E-013
2.8078,-3.71730E-013
2.8088,-3.71660E-013
2.8098,-3.71590E-013
2.8108,-3.71520E-013
2.8118,-3.71450E-013
2.8128,-3.71370E-013
2.8138,-3.71300E-013
2.8148,-3.71230E-013
2.8158,-3.71160E-013
2.8168,-3.71090E-013
2.8178,-3.71020E-013
2.8188,-3.70950E-013
2.8198,-3.70880E-013
2.8208,-3.70810E-013
2.8218,-3.70740E-013
2.8228,-3.70670E-013
2.8238,-3.70600E-013
2.8248,-3.70530E-013
2.8258,-3.70460E-013
2.8268,-3.70390E-013
2.8278,-3.70320E-013
2.8288,-3.70250E-013
2.8298,-3.70180E-013
2.8308,-3.70110E-013
2.8318,-3.70040E-013
2.8328,-3.69970E-013
2.8338,-3.69890E-013
2.8348,-3.69820E-013
2.8358,-3.69750E-013
2.8368,-3.69680E-013
2.8378,-3.69610E-013
2.8388,-3.69540E-013
2.8398,-3.69470E-013
2.8408,-3.69400E-013
2.8418,-3.69330E-013
2.8428,-3.69260E-013
2.8438,-3.69190E-013
2.8448,-3.69120E-013
2.8458,-3.69050E-013
2.8468,-3.68980E-013
2.8478,-3.68920E-013
2.8488,-3.68850E-013
2.8498,-3.68780E-013
2.8508,-3.68710E-013
2.8518,-3.68640E-013
2.8528,-3.68570E-013
2.8538,-3.68500E-013
2.8548,-3.68430E-013
2.8558,-3.68360E-013
2.8569,-3.68290E-013
2.8579,-3.68220E-013
2.8589,-3.68150E-013
2.8599,-3.68080E-013
2.8609,-3.68010E-013
2.8619,-3.67940E-013
2.8629,-3.67870E-013
2.8639,-3.67800E-013
2.8649,-3.67730E-013
2.8659,-3.67660E-013
2.8669,-3.67590E-013
2.8679,-3.67520E-013
2.8689,-3.67460E-013
2.8699,-3.67390E-013
2.8709,-3.67320E-013
2.8719,-3.67250E-013
2.8729,-3.67180E-013
2.8739,-3.67110E-013
2.8749,-3.67040E-013
2.8759,-3.66970E-013
2.8769,-3.66900E-013
2.8779,-3.66830E-013
2.8789,-3.66760E-013
2.8799,-3.66700E-013
2.8809,-3.66630E-013
2.8819,-3.66560E-013
2.8829,-3.66490E-013
2.8839,-3.66420E-013
2.8849,-3.66350E-013
2.8859,-3.66280E-013
2.8869,-3.66210E-013
2.8879,-3.66140E-013
2.8889,-3.66080E-013
2.8899,-3.66010E-013
2.8909,-3.65940E-013
2.8919,-3.65870E-013
2.8929,-3.65800E-013
2.8939,-3.65730E-013
2.8949,-3.65660E-013
2.8959,-3.65600E-013
2.8969,-3.65530E-013
2.8979,-3.65460E-013
2.8989,-3.65390E-013
2.8999,-3.65320E-013
2.9009,-3.65250E-013
2.9019,-3.65180E-013
2.9029,-3.65120E-013
2.9039,-3.65050E-013
2.9049,-3.64980E-013
2.9059,-3.64910E-013
2.9069,-3.64840E-013
2.9079,-3.64770E-013
2.9089,-3.64710E-013
2.9099,-3.64640E-013
2.9109,-3.64570E-013
2.9119,-3.64500E-013
2.9129,-3.64430E-013
2.9139,-3.64370E-013
2.9149,-3.64300E-013
2.9159,-3.64230E-013
2.9169,-3.64160E-013
2.9179,-3.64090E-013
2.9189,-3.64030E-013
2.9199,-3.63960E-013
2.9209,-3.63890E-013
2.9219,-3.63820E-013
2.9229,-3.63750E-013
2.9239,-3.63690E-013
2.9249,-3.63620E-013
2.9259,-3.63550E-013
2.9269,-3.63480E-013
2.9279,-3.63410E-013
2.9289,-3.63350E-013
2.9299,-3.63280E-013
2.9309,-3.63210E-013
2.9319,-3.63140E-013
2.9329,-3.63080E-013
2.9339,-3.63010E-013
2.9349,-3.62940E-013
2.9359,-3.62870E-013
2.9369,-3.62810E-013
2.9379,-3.62740E-013
2.9389,-3.62670E-013
2.9399,-3.62600E-013
2.9409,-3.62540E-013
2.9419,-3.62470E-013
2.9429,-3.62400E-013
2.9439,-3.62330E-013
2.9449,-3.62270E-013
2.9459,-3.62200E-013
2.9469,-3.62130E-013
2.9479,-3.62060E-013
2.9489,-3.62000E-013
2.9499,-3.61930E-013
2.9509,-3.61860E-013
2.9519,-3.61800E-013
2.953,-3.61730E-013
2.954,-3.61660E-013
2.955,-3.61590E-013
2.956,-3.61530E-013
2.957,-3.61460E-013
